1	1962073.7	628705.7
	1962079.3	628707.3
	1962079.4	628707.2
	1962079.4	628707.2
	1962079.4	628707.2
	1962079.3	628707.2
	1962079.2	628707.2
	1962079.2	628707.2
	1962079.0	628707.1
	1962079.0	628707.1
	1962078.9	628707.0
	1962078.9	628707.0
	1962078.7	628707.0
	1962078.7	628707.0
	1962078.5	628706.9
	1962078.5	628706.9
	1962078.4	628706.8
	1962078.3	628706.8
	1962077.2	628706.4
	1962076.7	628706.5
	1962076.5	628706.5
	1962075.2	628706.2
	1962074.3	628705.8
	1962073.3	628705.3
	1962073.3	628705.3
	1962073.3	628705.9
	1962073.5	628706.0
	1962074.2	628706.2
	1962074.9	628706.3
	1962075.1	628706.4
	1962076.3	628706.5
	1962076.5	628706.6
	1962076.8	628706.6
	1962077.2	628706.6
	1962077.4	628706.7
	1962078.0	628706.9
	1962078.2	628707.0
	1962078.6	628707.0
	1962078.7	628707.0
	1962078.8	628707.0
	1962078.9	628707.0
	1962078.9	628707.1
	1962079.0	628707.2
	1962079.3	628707.3
END		
2	1962075.4	628706.8
	1962077.7	628706.8
	1962077.4	628706.7
	1962077.2	628706.6
	1962076.8	628706.6
	1962076.5	628706.6
	1962076.3	628706.5
	1962075.1	628706.4
	1962074.9	628706.3
	1962074.2	628706.2
	1962073.5	628706.0
	1962073.3	628705.9
	1962073.3	628707.1
	1962073.8	628707.3
	1962075.7	628707.3
	1962077.7	628706.8
END		
3	1962075.5	628708.2
	1962077.7	628706.8
	1962075.7	628707.3
	1962073.8	628707.3
	1962073.3	628707.1
	1962073.2	628709.1
	1962074.2	628708.8
	1962076.5	628709.0
	1962077.2	628708.8
	1962078.0	628707.8
	1962077.7	628706.8
END		
4	1962078.5	628707.2
	1962079.4	628707.2
	1962079.3	628707.3
	1962079.0	628707.2
	1962078.9	628707.1
	1962078.9	628707.0
	1962078.8	628707.0
	1962078.7	628707.0
	1962078.6	628707.0
	1962078.2	628707.0
	1962078.0	628706.9
	1962077.7	628706.8
	1962078.0	628707.8
	1962079.4	628707.5
	1962079.4	628707.2
END		
5	1962075.2	628709.8
	1962077.2	628708.8
	1962076.5	628709.0
	1962074.2	628708.8
	1962073.2	628709.1
	1962073.2	628710.5
	1962077.0	628711.2
	1962077.2	628708.8
END		
6	1962075.1	628712.6
	1962077.0	628711.2
	1962073.2	628710.5
	1962073.1	628715.8
	1962077.0	628712.8
	1962077.0	628711.2
END		
7	1962076.3	628715.8
	1962075.8	628713.7
	1962073.1	628715.8
	1962073.0	628718.9
	1962077.5	628718.4
	1962077.7	628717.8
	1962081.4	628713.7
	1962075.8	628713.7
END		
8	1962079.8	628711.4
	1962081.4	628713.7
	1962082.6	628711.1
	1962082.0	628709.5
	1962078.0	628707.8
	1962077.2	628708.8
	1962077.0	628711.2
	1962077.0	628712.8
	1962075.8	628713.7
	1962081.4	628713.7
END		
9	1962075.9	628719.3
	1962077.5	628718.4
	1962073.0	628718.9
	1962073.0	628720.7
	1962073.6	628720.7
	1962075.5	628720.4
	1962078.9	628719.4
	1962077.5	628718.4
END		
10	1962076.4	628720.7
	1962078.9	628719.4
	1962075.5	628720.4
	1962073.6	628720.7
	1962073.0	628720.7
	1962073.0	628721.4
	1962074.3	628721.2
	1962076.5	628721.5
	1962078.7	628721.3
	1962078.9	628719.4
END		
11	1962075.9	628722.3
	1962078.7	628721.3
	1962076.5	628721.5
	1962074.3	628721.2
	1962073.0	628721.4
	1962073.0	628722.5
	1962073.7	628722.9
	1962074.2	628722.4
	1962076.7	628723.0
	1962078.0	628722.5
	1962078.9	628722.5
	1962078.7	628721.3
END		
12	1962074.8	628723.0
	1962077.1	628722.8
	1962076.7	628723.0
	1962074.2	628722.4
	1962073.7	628722.9
	1962073.0	628722.5
	1962072.9	628723.7
	1962074.0	628723.8
	1962074.4	628723.3
	1962075.7	628723.5
	1962076.0	628723.4
	1962076.5	628723.5
	1962077.3	628723.3
	1962077.1	628722.8
END		
13	1962074.5	628723.9
	1962076.7	628723.4
	1962076.5	628723.5
	1962076.0	628723.4
	1962075.7	628723.5
	1962074.4	628723.3
	1962074.0	628723.8
	1962072.9	628723.7
	1962072.9	628724.9
	1962074.3	628724.8
	1962074.4	628724.6
	1962075.0	628724.3
	1962075.3	628724.1
	1962075.8	628724.0
	1962076.3	628723.8
	1962076.8	628723.7
	1962076.7	628723.4
END		
14	1962078.1	628723.6
	1962079.5	628723.3
	1962078.3	628723.1
	1962077.3	628723.3
	1962076.7	628723.4
	1962076.8	628723.7
	1962076.3	628723.8
	1962075.8	628724.0
	1962075.3	628724.1
	1962075.0	628724.3
	1962074.4	628724.6
	1962074.3	628724.8
	1962072.9	628724.9
	1962072.9	628725.9
	1962079.7	628723.7
	1962079.4	628723.6
	1962079.5	628723.3
END		
15	1962081.7	628723.2
	1962079.5	628723.3
	1962079.4	628723.6
	1962079.7	628723.7
	1962081.7	628723.4
	1962083.4	628723.9
	1962084.7	628724.1
	1962085.7	628724.3
	1962086.5	628724.6
	1962086.6	628724.1
	1962085.4	628724.0
	1962084.7	628723.7
	1962083.6	628723.6
	1962083.0	628723.4
	1962082.7	628723.1
	1962081.6	628722.8
	1962080.0	628723.3
	1962079.5	628723.3
END		
16	1962079.2	628723.0
	1962078.9	628722.5
	1962078.0	628722.5
	1962077.1	628722.8
	1962077.3	628723.3
	1962078.3	628723.1
	1962079.5	628723.3
	1962080.0	628723.3
	1962081.6	628722.8
	1962082.7	628723.1
	1962083.0	628723.4
	1962083.6	628723.6
	1962084.7	628723.7
	1962084.6	628723.1
	1962083.4	628722.9
	1962083.1	628722.6
	1962081.7	628722.5
	1962079.7	628722.8
	1962078.9	628722.5
END		
17	1962081.1	628722.2
	1962083.1	628722.6
	1962083.5	628722.0
	1962078.7	628721.3
	1962078.9	628722.5
	1962079.7	628722.8
	1962081.7	628722.5
	1962083.1	628722.6
END		
18	1962082.0	628721.0
	1962078.9	628719.4
	1962078.7	628721.3
	1962083.5	628722.0
	1962085.2	628722.1
	1962085.4	628720.2
	1962082.6	628720.3
	1962078.9	628719.4
END		
19	1962085.6	628722.6
	1962085.2	628722.1
	1962083.5	628722.0
	1962083.1	628722.6
	1962083.4	628722.9
	1962084.6	628723.1
	1962087.8	628723.4
	1962088.0	628722.4
	1962085.2	628722.1
END		
20	1962085.8	628723.7
	1962086.8	628723.3
	1962084.6	628723.1
	1962084.7	628723.7
	1962085.4	628724.0
	1962086.6	628724.1
	1962086.8	628723.3
END		
21	1962088.8	628720.8
	1962085.4	628720.2
	1962085.2	628722.1
	1962088.0	628722.4
	1962090.3	628721.9
	1962092.3	628721.4
	1962092.0	628719.8
	1962085.4	628720.2
END		
22	1962085.7	628719.6
	1962092.0	628719.8
	1962090.7	628718.6
	1962088.0	628718.5
	1962082.8	628718.9
	1962078.9	628719.4
	1962082.6	628720.3
	1962085.4	628720.2
	1962092.0	628719.8
END		
23	1962082.6	628718.1
	1962087.8	628718.5
	1962087.4	628717.4
	1962085.4	628717.2
	1962078.0	628717.5
	1962077.7	628717.8
	1962077.5	628718.4
	1962078.9	628719.4
	1962082.8	628718.9
	1962087.8	628718.5
END		
24	1962083.5	628715.2
	1962085.4	628717.2
	1962088.8	628713.1
	1962082.3	628711.8
	1962081.4	628713.7
	1962078.0	628717.5
	1962085.4	628717.2
END		
25	1962091.6	628714.6
	1962088.8	628713.1
	1962085.4	628717.2
	1962087.4	628717.4
	1962096.2	628714.9
	1962093.8	628713.3
	1962089.7	628712.8
	1962088.8	628713.1
END		
26	1962093.1	628718.8
	1962087.4	628717.4
	1962087.8	628718.5
	1962088.0	628718.5
	1962090.7	628718.6
	1962092.0	628719.8
	1962096.8	628718.4
	1962087.4	628717.4
END		
27	1962092.7	628717.0
	1962096.2	628714.9
	1962087.4	628717.4
	1962096.8	628718.4
	1962096.2	628714.9
END		
28	1962081.7	628708.7
	1962079.4	628707.5
	1962078.0	628707.8
	1962082.0	628709.5
	1962083.7	628708.5
	1962082.4	628708.4
	1962079.4	628707.5
END		
29	1962082.1	628708.0
	1962079.4	628707.2
	1962079.4	628707.2
	1962079.4	628707.5
	1962082.4	628708.4
	1962083.7	628708.5
	1962083.7	628708.2
	1962082.2	628707.7
	1962081.9	628707.7
	1962079.4	628707.2
END		
30	1962085.1	628708.7
	1962083.7	628708.2
	1962083.7	628708.5
	1962083.5	628708.6
	1962086.4	628709.0
	1962086.5	628708.5
	1962085.3	628708.4
	1962085.0	628708.4
	1962083.7	628708.2
END		
31	1962088.0	628708.7
	1962086.5	628708.5
	1962086.4	628708.9
	1962089.5	628709.0
	1962089.7	628708.4
	1962089.2	628708.3
	1962086.5	628708.5
END		
32	1962088.5	628709.2
	1962089.5	628709.0
	1962086.4	628708.9
	1962086.4	628709.0
	1962086.5	628709.3
	1962088.6	628709.6
	1962089.3	628709.3
	1962089.6	628709.6
	1962090.7	628709.6
	1962090.4	628709.0
	1962089.5	628709.0
END		
33	1962093.2	628708.4
	1962089.7	628708.4
	1962089.5	628709.0
	1962090.4	628709.0
	1962091.3	628708.8
	1962092.7	628708.8
	1962094.6	628708.6
	1962094.5	628708.0
	1962093.3	628708.1
	1962091.3	628708.5
	1962090.9	628708.6
	1962090.3	628708.8
	1962089.7	628708.4
END		
34	1962092.6	628709.0
	1962094.6	628708.6
	1962092.7	628708.8
	1962091.3	628708.8
	1962090.4	628709.0
	1962090.7	628709.6
	1962091.5	628709.3
	1962094.7	628709.7
	1962094.6	628708.6
END		
35	1962086.0	628710.4
	1962089.7	628712.8
	1962089.6	628709.6
	1962089.3	628709.3
	1962088.6	628709.6
	1962086.5	628709.3
	1962086.4	628709.0
	1962083.5	628708.6
	1962082.0	628709.5
	1962082.6	628711.1
	1962082.3	628711.8
	1962088.8	628713.1
	1962089.7	628712.8
END		
36	1962093.8	628710.2
	1962094.7	628709.7
	1962091.5	628709.3
	1962090.7	628709.6
	1962089.6	628709.6
	1962089.7	628710.4
	1962094.5	628710.8
	1962098.0	628710.3
	1962098.2	628709.5
	1962096.1	628709.5
	1962094.7	628709.7
END		
37	1962093.5	628712.2
	1962098.0	628710.3
	1962094.5	628710.8
	1962089.7	628710.4
	1962089.7	628712.8
	1962093.8	628713.3
	1962096.2	628714.9
	1962098.0	628710.3
END		
38	1962094.2	628720.2
	1962096.8	628718.4
	1962092.0	628719.8
	1962092.3	628721.4
	1962096.3	628720.6
	1962096.8	628718.4
END		
39	1962090.6	628722.7
	1962093.3	628721.2
	1962092.3	628721.4
	1962090.3	628721.9
	1962088.0	628722.4
	1962087.8	628723.4
	1962090.8	628723.7
	1962093.2	628723.3
	1962093.3	628721.2
END		
40	1962093.0	628724.8
	1962093.2	628723.3
	1962090.8	628723.7
	1962087.8	628723.4
	1962086.8	628723.3
	1962086.6	628724.1
	1962090.6	628724.7
	1962091.1	628724.5
	1962092.7	628725.2
	1962094.0	628725.2
	1962094.3	628724.4
	1962093.2	628723.3
END		
41	1962088.7	628724.8
	1962090.3	628724.6
	1962086.6	628724.1
	1962086.5	628724.6
	1962088.1	628725.3
	1962089.1	628725.2
	1962090.2	628725.3
	1962090.3	628724.6
END		
42	1962094.7	628726.2
	1962094.0	628725.2
	1962092.7	628725.2
	1962091.1	628724.5
	1962090.6	628724.7
	1962090.3	628724.6
	1962090.2	628725.3
	1962091.0	628725.5
	1962092.4	628726.4
	1962095.6	628727.3
	1962096.3	628727.0
	1962096.6	628727.0
	1962096.9	628726.7
	1962097.2	628726.7
	1962097.2	628726.3
	1962097.3	628725.8
	1962097.0	628725.8
	1962095.3	628725.5
	1962094.0	628725.2
END		
43	1962101.3	628727.4
	1962097.3	628725.8
	1962097.2	628726.3
	1962097.2	628726.7
	1962097.9	628727.3
	1962103.0	628728.5
	1962103.9	628727.8
	1962104.0	628727.4
	1962102.6	628726.9
	1962098.3	628725.8
	1962097.3	628725.8
END		
44	1962096.5	628725.2
	1962094.3	628724.4
	1962094.0	628725.2
	1962095.3	628725.5
	1962097.0	628725.8
	1962097.3	628725.8
	1962098.3	628725.8
	1962101.1	628726.5
	1962101.3	628725.7
	1962094.3	628724.4
END		
45	1962102.8	628726.5
	1962101.3	628725.7
	1962101.1	628726.5
	1962102.6	628726.9
	1962104.0	628727.4
	1962106.1	628727.8
	1962106.5	628727.0
	1962104.1	628726.5
	1962101.3	628725.7
END		
46	1962105.9	628728.3
	1962106.1	628727.8
	1962104.0	628727.4
	1962103.9	628727.8
	1962103.9	628728.2
	1962106.3	628728.9
	1962106.9	628728.7
	1962108.1	628727.9
	1962106.1	628727.8
END		
47	1962096.1	628723.2
	1962093.3	628721.2
	1962093.2	628723.3
	1962094.3	628724.4
	1962101.3	628725.7
	1962103.3	628726.3
	1962103.4	628724.9
	1962093.3	628721.2
END		
48	1962099.1	628722.3
	1962096.3	628720.6
	1962093.3	628721.2
	1962103.4	628724.9
	1962103.6	628723.6
	1962100.7	628721.5
	1962096.3	628720.6
END		
49	1962104.6	628723.8
	1962103.6	628723.6
	1962103.4	628724.9
	1962105.9	628724.1
	1962104.7	628723.1
	1962103.6	628723.6
END		
50	1962104.7	628726.0
	1962103.4	628724.9
	1962103.3	628726.3
	1962104.1	628726.5
	1962106.5	628727.0
	1962109.9	628727.6
	1962103.4	628724.9
END		
51	1962107.5	628725.5
	1962105.9	628724.1
	1962103.4	628724.9
	1962109.9	628727.6
	1962110.7	628727.0
	1962110.8	628725.8
	1962105.9	628724.1
END		
52	1962103.0	628721.5
	1962104.7	628723.1
	1962106.5	628718.8
	1962096.8	628718.4
	1962096.3	628720.6
	1962100.7	628721.5
	1962103.6	628723.6
	1962104.7	628723.1
END		
53	1962108.3	628723.0
	1962105.5	628721.1
	1962104.7	628723.1
	1962105.9	628724.1
	1962110.8	628725.8
	1962112.1	628722.2
	1962105.5	628721.1
END		
54	1962109.4	628720.2
	1962106.5	628718.8
	1962105.5	628721.1
	1962112.1	628722.2
	1962113.2	628719.6
	1962106.5	628718.8
END		
55	1962101.6	628717.2
	1962096.2	628714.9
	1962096.8	628718.4
	1962106.5	628718.8
	1962107.0	628715.4
	1962096.2	628714.9
END		
56	1962102.0	628713.7
	1962097.6	628711.2
	1962096.2	628714.9
	1962107.0	628715.4
	1962107.8	628712.2
	1962097.6	628711.2
END		
57	1962111.1	628717.9
	1962107.0	628715.4
	1962106.5	628718.8
	1962113.2	628719.6
	1962115.4	628719.3
	1962115.7	628716.4
	1962107.0	628715.4
END		
58	1962112.0	628714.7
	1962107.8	628712.2
	1962107.0	628715.4
	1962115.7	628716.4
	1962117.8	628713.3
	1962107.8	628712.2
END		
59	1962102.9	628711.1
	1962098.2	628709.5
	1962098.0	628710.3
	1962097.6	628711.2
	1962107.8	628712.2
	1962108.3	628710.7
	1962099.9	628709.9
	1962098.2	628709.5
END		
60	1962113.2	628712.3
	1962108.3	628710.7
	1962107.8	628712.2
	1962117.8	628713.3
	1962118.9	628712.5
	1962112.4	628711.6
	1962108.3	628710.7
END		
61	1962096.4	628708.3
	1962094.5	628708.0
	1962094.6	628708.6
	1962098.3	628708.4
	1962098.4	628708.1
	1962094.8	628707.9
	1962094.5	628708.0
END		
62	1962096.4	628708.6
	1962098.3	628708.4
	1962094.6	628708.6
	1962094.7	628708.9
	1962098.0	628708.7
	1962098.3	628708.4
END		
63	1962099.9	628708.7
	1962098.4	628708.1
	1962098.3	628708.4
	1962100.5	628709.1
	1962100.6	628708.5
	1962098.4	628708.1
END		
64	1962096.4	628709.1
	1962098.2	628709.5
	1962098.0	628708.7
	1962094.7	628708.9
	1962094.7	628709.7
	1962096.1	628709.5
	1962098.2	628709.5
END		
65	1962101.3	628708.9
	1962100.6	628708.5
	1962100.5	628709.1
	1962102.3	628709.6
	1962104.2	628709.6
	1962104.2	628709.5
	1962103.4	628709.1
	1962102.4	628709.1
	1962102.4	628709.0
	1962101.3	628708.6
	1962100.6	628708.5
END		
66	1962098.6	628708.7
	1962102.3	628709.6
	1962100.5	628709.1
	1962098.3	628708.4
	1962098.0	628708.7
	1962102.2	628709.8
	1962102.3	628709.6
END		
67	1962100.0	628709.6
	1962102.2	628709.8
	1962098.0	628708.7
	1962098.2	628709.5
	1962099.9	628709.9
	1962102.2	628710.1
	1962102.2	628709.8
END		
68	1962105.0	628709.5
	1962104.2	628709.5
	1962104.2	628709.6
	1962105.9	628709.8
	1962106.6	628710.0
	1962106.7	628709.9
	1962106.5	628709.8
	1962106.3	628709.6
	1962105.9	628709.6
	1962105.0	628709.3
	1962104.6	628709.4
	1962104.3	628709.5
	1962104.2	628709.5
END		
69	1962105.1	628709.8
	1962105.5	628709.8
	1962104.2	628709.6
	1962102.3	628709.6
	1962102.2	628709.8
	1962104.4	628709.8
	1962105.5	628710.0
	1962105.5	628709.8
END		
70	1962104.1	628710.1
	1962105.5	628710.0
	1962104.4	628709.8
	1962102.2	628709.8
	1962102.2	628710.1
	1962106.1	628710.5
	1962106.1	628710.1
	1962105.5	628710.0
END		
71	1962108.3	628710.2
	1962106.7	628709.9
	1962106.6	628710.0
	1962107.5	628710.3
	1962108.9	628710.4
	1962108.9	628710.1
	1962108.1	628710.1
	1962107.7	628710.2
	1962106.7	628709.9
END		
72	1962105.9	628709.9
	1962108.0	628710.4
	1962107.5	628710.3
	1962106.6	628710.0
	1962105.9	628709.8
	1962105.5	628709.8
	1962105.5	628710.0
	1962106.1	628710.1
	1962108.0	628710.5
	1962108.0	628710.4
END		
73	1962107.0	628710.5
	1962108.0	628710.5
	1962106.1	628710.1
	1962106.1	628710.5
	1962108.0	628710.7
	1962108.0	628710.5
END		
74	1962111.1	628710.4
	1962108.9	628710.1
	1962108.9	628710.4
	1962113.6	628710.9
	1962113.7	628710.4
	1962112.3	628710.2
	1962109.7	628710.0
	1962108.9	628710.1
END		
75	1962112.3	628711.0
	1962113.6	628710.9
	1962108.9	628710.4
	1962108.0	628710.4
	1962108.0	628710.5
	1962113.5	628711.3
	1962113.6	628710.9
END		
76	1962111.8	628711.2
	1962113.5	628711.3
	1962108.0	628710.5
	1962108.0	628710.7
	1962108.3	628710.7
	1962112.4	628711.6
	1962113.5	628711.7
	1962113.5	628711.3
END		
77	1962115.2	628711.8
	1962113.5	628711.3
	1962113.5	628711.7
	1962118.9	628712.5
	1962120.0	628712.0
	1962116.1	628711.7
	1962113.5	628711.3
END		
78	1962115.3	628711.4
	1962113.6	628710.9
	1962113.5	628711.3
	1962116.1	628711.7
	1962120.0	628712.0
	1962120.8	628711.6
	1962116.6	628711.3
	1962113.6	628710.9
END		
79	1962115.4	628711.0
	1962113.7	628710.4
	1962113.6	628710.9
	1962116.6	628711.3
	1962116.7	628711.3
	1962116.7	628710.9
	1962116.1	628710.9
	1962113.7	628710.4
END		
80	1962118.9	628711.2
	1962116.7	628710.9
	1962116.7	628711.3
	1962120.8	628711.6
	1962121.2	628711.0
	1962120.2	628710.9
	1962119.9	628711.0
	1962116.7	628710.9
END		
81	1962122.3	628711.4
	1962121.2	628711.0
	1962120.8	628711.6
	1962123.8	628712.0
	1962124.0	628711.5
	1962121.2	628711.0
END		
82	1962121.8	628712.0
	1962123.8	628712.0
	1962120.8	628711.6
	1962120.0	628712.0
	1962123.8	628712.7
	1962123.8	628712.0
END		
83	1962121.6	628713.7
	1962123.8	628712.7
	1962120.0	628712.0
	1962118.9	628712.5
	1962119.9	628714.0
	1962122.9	628716.1
	1962123.8	628712.7
END		
84	1962118.8	628714.4
	1962122.9	628716.1
	1962119.9	628714.0
	1962118.9	628712.5
	1962117.8	628713.3
	1962117.0	628714.6
	1962121.9	628717.4
	1962122.9	628716.1
END		
85	1962118.6	628717.8
	1962121.9	628717.4
	1962117.0	628714.6
	1962115.7	628716.4
	1962115.5	628717.9
	1962120.4	628719.9
	1962121.9	628717.4
END		
86	1962123.6	628717.6
	1962122.9	628716.1
	1962121.9	628717.4
	1962120.4	628719.9
	1962127.1	628718.5
	1962122.9	628716.1
END		
87	1962116.7	628719.7
	1962120.4	628719.9
	1962115.5	628717.9
	1962115.4	628719.3
	1962113.2	628719.6
	1962119.5	628722.4
	1962120.4	628719.9
END		
88	1962115.7	628722.3
	1962119.5	628722.4
	1962113.2	628719.6
	1962112.1	628722.2
	1962111.8	628722.9
	1962118.1	628726.3
	1962119.5	628722.4
END		
89	1962113.5	628725.2
	1962118.1	628726.3
	1962111.8	628722.9
	1962110.8	628725.8
	1962112.9	628726.8
	1962118.1	628726.3
END		
90	1962123.6	628720.1
	1962127.1	628718.5
	1962120.4	628719.9
	1962125.8	628722.5
	1962127.1	628718.5
END		
91	1962122.7	628723.1
	1962125.8	628722.5
	1962120.4	628719.9
	1962119.5	628722.4
	1962119.3	628722.9
	1962124.8	628725.2
	1962125.8	628722.5
END		
92	1962121.8	628725.4
	1962124.8	628725.2
	1962119.3	628722.9
	1962118.1	628726.3
	1962123.0	628727.3
	1962125.6	628729.3
	1962127.0	628726.8
	1962124.8	628725.2
END		
93	1962111.8	628727.1
	1962112.9	628726.8
	1962110.8	628725.8
	1962110.7	628727.0
	1962112.2	628728.0
	1962112.9	628726.8
END		
94	1962113.5	628727.4
	1962114.5	628726.7
	1962112.9	628726.8
	1962112.2	628728.0
	1962112.8	628728.4
	1962113.6	628728.0
	1962114.4	628728.4
	1962114.5	628726.7
END		
95	1962115.8	628727.9
	1962118.1	628726.3
	1962114.5	628726.7
	1962114.4	628728.4
	1962115.4	628729.0
	1962116.6	628728.7
	1962118.1	628726.3
END		
96	1962118.9	628728.4
	1962117.2	628727.8
	1962116.6	628728.7
	1962120.8	628729.3
	1962120.9	628728.4
	1962117.2	628727.8
END		
97	1962119.9	628727.6
	1962123.0	628727.3
	1962118.1	628726.3
	1962117.2	628727.8
	1962120.9	628728.4
	1962123.0	628727.3
END		
98	1962122.8	628728.5
	1962125.6	628729.3
	1962123.0	628727.3
	1962120.9	628728.4
	1962120.8	628729.3
	1962125.6	628729.3
END		
99	1962107.8	628727.5
	1962109.9	628727.6
	1962106.5	628727.0
	1962106.1	628727.8
	1962108.1	628727.9
	1962109.9	628728.3
	1962110.7	628727.8
	1962109.9	628727.6
END		
100	1962112.2	628728.6
	1962112.8	628728.4
	1962112.2	628728.0
	1962110.7	628727.0
	1962109.9	628727.6
	1962110.7	628727.8
	1962112.5	628729.6
	1962113.2	628729.1
	1962112.8	628728.4
END		
101	1962110.6	628728.8
	1962112.5	628729.6
	1962110.7	628727.8
	1962109.9	628728.3
	1962108.1	628727.9
	1962107.8	628728.1
	1962109.0	628728.6
	1962110.3	628729.0
	1962112.4	628730.2
	1962112.5	628729.6
END		
102	1962113.5	628730.0
	1962113.2	628729.1
	1962112.5	628729.6
	1962112.4	628730.2
	1962112.8	628730.2
	1962113.1	628730.5
	1962114.9	628731.2
	1962115.3	628731.2
	1962115.3	628730.4
	1962113.2	628729.1
END		
103	1962116.5	628730.9
	1962115.3	628730.4
	1962115.3	628731.2
	1962116.8	628731.5
	1962118.0	628732.2
	1962119.4	628732.3
	1962119.9	628731.9
	1962118.2	628731.3
	1962116.9	628729.9
	1962115.3	628730.4
END		
104	1962114.2	628728.9
	1962116.9	628729.9
	1962116.9	628728.8
	1962116.6	628728.7
	1962115.4	628729.0
	1962114.4	628728.4
	1962113.6	628728.0
	1962112.8	628728.4
	1962113.2	628729.1
	1962115.3	628730.4
	1962116.9	628729.9
END		
105	1962124.2	628730.1
	1962125.6	628729.3
	1962120.8	628729.3
	1962124.1	628731.1
	1962126.0	628731.2
	1962126.9	628731.0
	1962125.6	628729.3
END		
106	1962119.9	628730.3
	1962122.9	628730.4
	1962120.8	628729.3
	1962116.9	628728.8
	1962116.9	628729.9
	1962118.2	628731.3
	1962119.9	628731.9
	1962121.7	628732.6
	1962122.9	628730.4
END		
107	1962120.6	628734.0
	1962121.0	628737.1
	1962121.7	628732.6
	1962119.9	628731.9
	1962119.4	628732.3
	1962119.8	628734.9
	1962116.6	628735.6
	1962116.5	628735.6
	1962120.8	628737.1
	1962121.0	628737.2
	1962121.0	628737.1
END		
108	1962128.0	628738.7
	1962127.9	628740.9
	1962129.7	628741.6
	1962130.7	628737.7
	1962121.4	628734.4
	1962121.0	628737.1
	1962121.0	628737.2
	1962123.7	628737.4
	1962127.5	628740.2
	1962127.8	628740.9
	1962127.9	628740.9
END		
109	1962127.9	628735.4
	1962122.1	628731.8
	1962121.7	628732.6
	1962121.4	628734.4
	1962130.7	628737.7
	1962131.7	628735.1
	1962122.1	628731.8
END		
110	1962127.6	628732.3
	1962126.9	628731.0
	1962126.0	628731.2
	1962124.1	628731.1
	1962122.9	628730.4
	1962122.1	628731.8
	1962131.7	628735.1
	1962131.9	628731.2
	1962126.9	628731.0
END		
111	1962130.1	628730.3
	1962125.6	628729.3
	1962126.9	628731.0
	1962131.9	628731.2
	1962133.6	628731.9
	1962133.9	628730.1
	1962125.6	628729.3
END		
112	1962130.3	628728.8
	1962127.0	628726.8
	1962125.6	628729.3
	1962133.9	628730.1
	1962135.0	628729.1
	1962134.2	628728.2
	1962127.0	628726.8
END		
113	1962129.3	628720.5
	1962132.5	628719.7
	1962127.1	628718.5
	1962125.9	628722.1
	1962131.3	628723.6
	1962132.5	628719.7
END		
114	1962134.6	628722.8
	1962132.5	628719.7
	1962131.3	628723.6
	1962136.5	628725.0
	1962138.7	628721.0
	1962132.5	628719.7
END		
115	1962133.6	628725.8
	1962131.3	628723.6
	1962130.6	628727.5
	1962134.2	628728.2
	1962135.0	628729.1
	1962136.5	628725.0
	1962131.3	628723.6
END		
116	1962128.0	628725.3
	1962131.3	628723.6
	1962125.9	628722.1
	1962125.8	628722.5
	1962124.8	628725.2
	1962127.0	628726.8
	1962130.6	628727.5
	1962131.3	628723.6
END		
117	1962125.6	628715.3
	1962123.7	628713.1
	1962122.9	628716.1
	1962127.1	628718.5
	1962128.4	628713.8
	1962123.7	628713.1
END		
118	1962131.6	628715.8
	1962128.0	628715.4
	1962133.4	628717.1
	1962133.9	628715.6
	1962128.4	628713.8
	1962128.0	628715.4
END		
119	1962130.2	628718.0
	1962133.4	628717.1
	1962128.0	628715.4
	1962127.1	628718.5
	1962132.5	628719.7
	1962133.4	628717.1
END		
120	1962136.8	628719.4
	1962133.4	628717.1
	1962132.5	628719.7
	1962138.7	628721.0
	1962142.1	628718.7
	1962133.4	628717.1
END		
121	1962136.0	628716.7
	1962133.9	628715.6
	1962133.4	628717.1
	1962140.4	628718.4
	1962140.8	628717.3
	1962133.9	628715.6
END		
122	1962124.3	628712.8
	1962123.8	628712.0
	1962123.8	628712.7
	1962123.7	628713.1
	1962124.9	628713.3
	1962125.0	628712.2
	1962123.8	628712.0
END		
123	1962126.8	628713.2
	1962125.0	628712.2
	1962124.9	628713.3
	1962128.4	628713.8
	1962128.8	628712.8
	1962125.0	628712.2
END		
124	1962124.4	628711.9
	1962124.0	628711.5
	1962123.8	628712.0
	1962125.0	628712.2
	1962124.9	628711.7
	1962124.0	628711.5
END		
125	1962127.0	628712.3
	1962124.9	628711.7
	1962125.0	628712.2
	1962128.5	628712.8
	1962128.5	628712.2
	1962124.9	628711.7
END		
126	1962129.0	628712.5
	1962128.5	628712.2
	1962128.5	628712.8
	1962128.8	628712.8
	1962129.6	628713.0
	1962129.6	628712.4
	1962128.5	628712.2
END		
127	1962130.4	628712.8
	1962129.6	628712.4
	1962129.6	628713.0
	1962131.2	628713.3
	1962131.3	628712.5
	1962129.6	628712.4
END		
128	1962132.0	628713.7
	1962131.2	628713.1
	1962131.2	628713.3
	1962131.7	628714.0
	1962132.4	628714.1
	1962132.5	628713.5
	1962131.2	628713.1
END		
129	1962132.0	628712.9
	1962131.3	628712.5
	1962131.2	628713.1
	1962132.5	628713.5
	1962132.9	628712.6
	1962132.7	628712.5
	1962131.3	628712.5
END		
130	1962133.7	628713.2
	1962132.9	628712.6
	1962132.5	628713.5
	1962135.0	628714.1
	1962135.3	628713.4
	1962133.7	628712.8
	1962132.9	628712.6
END		
131	1962129.9	628713.6
	1962131.7	628714.0
	1962131.2	628713.3
	1962129.6	628713.0
	1962128.8	628712.8
	1962128.4	628713.8
	1962131.3	628714.7
	1962131.7	628714.0
END		
132	1962132.4	628714.7
	1962133.6	628713.8
	1962132.5	628713.5
	1962132.4	628714.1
	1962131.7	628714.0
	1962131.3	628714.7
	1962133.4	628715.4
	1962133.6	628713.8
END		
133	1962134.3	628714.6
	1962135.0	628714.1
	1962133.6	628713.8
	1962133.4	628715.4
	1962133.9	628715.6
	1962134.8	628715.8
	1962135.0	628714.1
END		
134	1962135.9	628713.9
	1962135.3	628713.4
	1962135.0	628714.1
	1962136.7	628714.6
	1962136.9	628714.0
	1962135.3	628713.4
END		
135	1962136.5	628715.2
	1962136.7	628714.6
	1962135.0	628714.1
	1962134.8	628715.8
	1962139.2	628716.9
	1962140.1	628716.1
	1962136.7	628714.6
END		
136	1962138.8	628715.1
	1962136.9	628714.0
	1962136.7	628714.6
	1962139.3	628715.8
	1962139.8	628715.0
	1962139.2	628714.7
	1962136.9	628714.0
END		
137	1962142.8	628716.6
	1962139.8	628715.0
	1962139.3	628715.8
	1962140.1	628716.1
	1962143.7	628717.7
	1962144.5	628716.3
	1962144.1	628715.7
	1962142.4	628715.7
	1962139.8	628715.0
END		
138	1962142.3	628717.5
	1962143.7	628717.7
	1962140.1	628716.1
	1962139.2	628716.9
	1962140.8	628717.3
	1962143.6	628718.4
	1962143.7	628717.7
END		
139	1962143.0	628718.9
	1962143.6	628718.4
	1962140.8	628717.3
	1962140.4	628718.4
	1962142.1	628718.7
	1962143.9	628720.0
	1962143.6	628718.4
END		
140	1962140.6	628720.9
	1962143.2	628719.5
	1962142.1	628718.7
	1962138.7	628721.0
	1962141.6	628722.4
	1962143.2	628719.5
END		
141	1962144.0	628720.6
	1962143.9	628720.0
	1962143.2	628719.5
	1962142.2	628721.3
	1962146.9	628721.1
	1962143.9	628720.0
END		
142	1962144.2	628722.9
	1962146.9	628721.1
	1962142.2	628721.3
	1962141.6	628722.4
	1962142.6	628724.3
	1962146.2	628725.5
	1962146.9	628721.1
END		
143	1962144.6	628719.6
	1962143.6	628718.4
	1962143.9	628720.0
	1962144.9	628720.4
	1962145.6	628719.1
	1962143.6	628718.4
END		
144	1962146.3	628720.0
	1962145.6	628719.1
	1962144.9	628720.4
	1962146.9	628721.1
	1962148.1	628721.2
	1962147.1	628719.5
	1962145.6	628719.1
END		
145	1962148.4	628719.6
	1962144.0	628717.2
	1962143.7	628717.7
	1962143.6	628718.4
	1962145.6	628719.1
	1962147.1	628719.5
	1962148.1	628721.2
	1962149.7	628719.5
	1962145.7	628718.1
	1962144.0	628717.2
END		
146	1962147.2	628718.2
	1962144.5	628716.3
	1962144.0	628717.2
	1962145.7	628718.1
	1962149.7	628719.5
	1962150.2	628719.1
	1962147.8	628717.8
	1962144.9	628717.0
	1962144.5	628716.3
END		
147	1962151.7	628719.9
	1962150.2	628719.1
	1962149.7	628719.5
	1962150.6	628720.2
	1962153.0	628721.1
	1962153.6	628720.1
	1962151.9	628719.4
	1962151.1	628719.5
	1962150.2	628719.1
END		
148	1962149.8	628720.2
	1962153.0	628721.1
	1962150.6	628720.2
	1962149.7	628719.5
	1962148.8	628720.4
	1962151.1	628721.2
	1962151.8	628721.3
	1962153.0	628721.1
END		
149	1962154.2	628721.9
	1962153.3	628720.6
	1962153.0	628721.1
	1962151.8	628721.3
	1962151.8	628722.2
	1962156.5	628722.4
	1962157.1	628720.1
	1962154.6	628721.2
	1962153.3	628720.6
END		
150	1962150.1	628721.4
	1962151.8	628722.2
	1962151.8	628721.3
	1962151.1	628721.2
	1962148.8	628720.4
	1962148.1	628721.2
	1962148.5	628721.5
	1962151.8	628722.8
	1962151.8	628722.2
END		
151	1962148.4	628722.1
	1962151.8	628722.8
	1962148.5	628721.5
	1962148.1	628721.2
	1962146.9	628721.1
	1962146.7	628722.3
	1962151.3	628723.5
	1962151.8	628722.8
END		
152	1962154.3	628722.8
	1962156.5	628722.4
	1962151.8	628722.2
	1962151.8	628722.8
	1962153.8	628723.4
	1962156.6	628723.8
	1962156.5	628722.4
END		
153	1962155.0	628724.1
	1962156.6	628723.8
	1962153.8	628723.4
	1962151.8	628722.8
	1962151.3	628723.5
	1962155.0	628724.7
	1962157.6	628725.1
	1962156.6	628723.8
END		
154	1962158.4	628722.6
	1962156.9	628720.7
	1962156.5	628722.4
	1962156.6	628723.8
	1962158.4	628723.9
	1962160.2	628723.7
	1962160.4	628722.9
	1962159.1	628721.6
	1962156.9	628720.7
END		
155	1962159.0	628724.7
	1962160.2	628723.7
	1962158.4	628723.9
	1962156.6	628723.8
	1962157.6	628725.1
	1962159.9	628725.4
	1962161.0	628724.5
	1962160.2	628723.7
END		
156	1962154.8	628720.5
	1962157.1	628720.1
	1962157.3	628719.3
	1962155.6	628720.1
	1962153.6	628720.1
	1962153.3	628720.6
	1962154.6	628721.2
	1962157.1	628720.1
END		
157	1962159.7	628721.4
	1962157.3	628719.3
	1962157.1	628720.1
	1962156.9	628720.7
	1962159.1	628721.6
	1962160.4	628722.9
	1962161.1	628721.8
	1962157.3	628719.3
END		
158	1962151.4	628724.3
	1962153.3	628724.2
	1962151.3	628723.5
	1962146.7	628722.3
	1962146.6	628723.1
	1962152.5	628725.7
	1962153.3	628724.2
END		
159	1962157.8	628725.8
	1962159.9	628725.4
	1962157.6	628725.1
	1962155.0	628724.7
	1962153.3	628724.2
	1962153.0	628724.7
	1962161.2	628728.2
	1962159.9	628725.4
END		
160	1962158.4	628727.9
	1962161.2	628728.2
	1962153.0	628724.7
	1962152.5	628725.7
	1962154.4	628727.1
	1962161.5	628730.0
	1962161.2	628728.2
END		
161	1962151.6	628727.1
	1962154.4	628727.1
	1962152.5	628725.7
	1962146.6	628723.1
	1962146.2	628725.5
	1962153.3	628729.7
	1962154.4	628727.1
END		
162	1962157.9	628730.6
	1962161.5	628730.0
	1962154.4	628727.1
	1962153.3	628729.7
	1962158.8	628732.9
	1962161.5	628730.0
END		
163	1962139.8	628723.9
	1962146.2	628725.5
	1962142.6	628724.3
	1962141.6	628722.4
	1962138.7	628721.0
	1962136.5	628725.0
	1962144.7	628728.3
	1962146.2	628725.5
END		
164	1962139.9	628728.4
	1962144.7	628728.3
	1962136.5	628725.0
	1962135.0	628729.1
	1962143.6	628730.7
	1962144.7	628728.3
END		
165	1962138.5	628731.6
	1962143.6	628730.7
	1962135.0	628729.1
	1962133.9	628730.1
	1962133.6	628731.9
	1962142.7	628735.3
	1962143.6	628730.7
END		
166	1962147.9	628728.3
	1962153.3	628729.7
	1962146.2	628725.5
	1962144.7	628728.3
	1962152.2	628732.6
	1962153.3	628729.7
END		
167	1962149.2	628732.5
	1962152.2	628732.6
	1962144.7	628728.3
	1962143.6	628730.7
	1962150.8	628735.3
	1962152.2	628732.6
END		
168	1962156.0	628733.2
	1962158.8	628732.9
	1962153.3	628729.7
	1962152.2	628732.6
	1962157.2	628735.6
	1962158.8	628732.9
END		
169	1962153.6	628735.0
	1962157.2	628735.6
	1962152.2	628732.6
	1962150.8	628735.3
	1962155.7	628738.7
	1962157.2	628735.6
END		
170	1962146.4	628734.6
	1962150.8	628735.3
	1962143.6	628730.7
	1962142.8	628734.5
	1962149.0	628737.2
	1962150.8	628735.3
END		
171	1962152.2	628737.9
	1962155.7	628738.7
	1962150.8	628735.3
	1962149.0	628737.2
	1962155.8	628741.7
	1962157.4	628739.2
	1962155.7	628738.7
END		
172	1962147.4	628737.3
	1962149.0	628737.2
	1962142.8	628734.5
	1962142.7	628735.3
	1962148.6	628739.1
	1962149.0	628737.2
END		
173	1962150.4	628739.2
	1962155.8	628741.7
	1962149.0	628737.2
	1962148.6	628739.1
	1962155.1	628742.2
	1962155.8	628741.7
END		
174	1962136.2	628735.3
	1962140.7	628734.5
	1962133.6	628731.9
	1962131.9	628731.2
	1962131.7	628735.1
	1962137.9	628738.1
	1962140.7	628734.5
END		
175	1962142.2	628737.4
	1962146.9	628738.0
	1962142.7	628735.3
	1962140.7	628734.5
	1962137.9	628738.1
	1962144.4	628741.6
	1962146.9	628738.0
END		
176	1962148.6	628740.9
	1962155.1	628742.2
	1962148.6	628739.1
	1962146.9	628738.0
	1962144.4	628741.6
	1962149.4	628742.7
	1962153.0	628745.2
	1962155.1	628742.2
END		
177	1962133.4	628737.1
	1962138.8	628738.6
	1962137.9	628738.1
	1962131.7	628735.1
	1962130.9	628737.2
	1962138.2	628740.3
	1962138.8	628738.6
END		
178	1962132.0	628739.1
	1962134.2	628738.5
	1962130.9	628737.2
	1962130.7	628737.7
	1962129.7	628741.6
	1962131.6	628742.1
	1962134.2	628738.5
END		
179	1962135.2	628740.9
	1962138.2	628740.3
	1962134.2	628738.5
	1962132.2	628741.3
	1962134.0	628742.1
	1962137.6	628742.5
	1962138.2	628740.3
END		
180	1962135.7	628743.5
	1962137.6	628742.5
	1962134.0	628742.1
	1962134.2	628744.5
	1962136.3	628745.7
	1962137.6	628742.5
END		
181	1962137.9	628746.1
	1962137.6	628742.5
	1962136.3	628745.7
	1962135.9	628747.8
	1962140.1	628748.4
	1962138.8	628742.9
	1962137.6	628742.5
END		
182	1962141.9	628743.0
	1962138.2	628740.3
	1962137.6	628742.5
	1962138.8	628742.9
	1962143.5	628744.8
	1962145.4	628744.7
	1962145.9	628743.5
	1962138.2	628740.3
END		
183	1962140.7	628740.6
	1962146.2	628742.0
	1962144.4	628741.6
	1962138.8	628738.6
	1962138.2	628740.3
	1962145.9	628743.5
	1962146.2	628742.0
END		
184	1962148.4	628743.9
	1962153.0	628745.2
	1962149.4	628742.7
	1962146.2	628742.0
	1962145.9	628743.5
	1962145.4	628744.7
	1962151.8	628746.8
	1962153.0	628745.2
END		
185	1962141.4	628745.1
	1962143.5	628744.8
	1962138.8	628742.9
	1962139.4	628745.1
	1962143.0	628746.6
	1962143.5	628744.8
END		
186	1962146.7	628746.3
	1962151.8	628746.8
	1962145.4	628744.7
	1962143.5	628744.8
	1962143.0	628746.6
	1962149.7	628748.7
	1962151.8	628746.8
END		
187	1962155.6	628750.9
	1962151.3	628747.2
	1962149.7	628748.7
	1962149.2	628749.7
	1962152.8	628750.5
	1962154.0	628751.8
	1962155.8	628752.7
	1962158.4	628753.4
	1962159.4	628751.8
	1962151.3	628747.2
END		
188	1962155.0	628747.8
	1962153.0	628745.2
	1962151.8	628746.8
	1962151.3	628747.2
	1962159.4	628751.8
	1962160.8	628749.8
	1962153.0	628745.2
END		
189	1962162.1	628751.4
	1962160.8	628749.8
	1962159.4	628751.8
	1962158.4	628753.4
	1962161.4	628753.8
	1962162.3	628752.5
	1962163.8	628752.3
	1962164.8	628751.0
	1962160.8	628749.8
END		
190	1962159.0	628747.1
	1962154.5	628743.0
	1962153.0	628745.2
	1962160.8	628749.8
	1962161.9	628746.7
	1962154.5	628743.0
END		
191	1962157.4	628743.3
	1962156.2	628741.1
	1962155.8	628741.7
	1962155.1	628742.2
	1962154.5	628743.0
	1962161.9	628746.7
	1962163.0	628745.5
	1962156.2	628741.1
END		
192	1962163.4	628747.8
	1962163.0	628745.5
	1962161.9	628746.7
	1962160.8	628749.8
	1962164.8	628751.0
	1962166.4	628751.3
	1962165.0	628747.0
	1962163.0	628745.5
END		
193	1962160.7	628742.3
	1962157.4	628739.2
	1962156.2	628741.1
	1962163.0	628745.5
	1962165.0	628747.0
	1962164.2	628742.7
	1962157.4	628739.2
END		
194	1962167.9	628749.1
	1962164.8	628745.8
	1962165.0	628747.0
	1962166.4	628751.3
	1962171.5	628748.2
	1962164.8	628745.8
END		
195	1962168.7	628746.0
	1962164.2	628742.7
	1962164.8	628745.8
	1962171.5	628748.2
	1962173.6	628746.6
	1962164.2	628742.7
END		
196	1962159.1	628738.4
	1962157.2	628735.6
	1962155.7	628738.7
	1962157.4	628739.2
	1962164.2	628742.7
	1962165.4	628740.1
	1962157.2	628735.6
END		
197	1962160.1	628735.8
	1962158.8	628732.9
	1962157.2	628735.6
	1962165.4	628740.1
	1962166.4	628738.6
	1962158.8	628732.9
END		
198	1962171.0	628744.2
	1962165.2	628740.5
	1962164.2	628742.7
	1962173.6	628746.6
	1962174.7	628744.4
	1962165.2	628740.5
END		
199	1962172.1	628742.0
	1962166.4	628738.6
	1962165.4	628740.1
	1962165.2	628740.5
	1962174.7	628744.4
	1962175.6	628742.2
	1962166.4	628738.6
END		
200	1962164.2	628735.7
	1962160.1	628731.5
	1962158.8	628732.9
	1962166.4	628738.6
	1962167.3	628736.8
	1962160.1	628731.5
END		
201	1962161.6	628731.4
	1962161.5	628730.0
	1962160.1	628731.5
	1962167.3	628736.8
	1962168.7	628735.3
	1962165.2	628733.4
	1962161.5	628730.0
END		
202	1962169.8	628738.2
	1962168.7	628735.3
	1962167.3	628736.8
	1962166.4	628738.6
	1962170.3	628740.1
	1962173.9	628737.5
	1962168.7	628735.3
END		
203	1962174.3	628739.4
	1962173.9	628737.5
	1962170.3	628740.1
	1962175.6	628742.2
	1962178.1	628739.8
	1962173.9	628737.5
END		
204	1962162.3	628723.1
	1962161.1	628721.8
	1962160.7	628722.5
	1962162.7	628724.4
	1962163.2	628727.0
	1962164.0	628728.6
	1962164.5	628728.3
	1962163.6	628726.0
	1962163.7	628724.7
	1962163.6	628723.3
	1962161.1	628721.8
END		
205	1962162.0	628724.8
	1962163.6	628727.8
	1962163.2	628727.0
	1962162.7	628724.4
	1962160.7	628722.5
	1962160.4	628722.9
	1962160.2	628723.7
	1962161.0	628724.5
	1962162.2	628728.2
	1962163.6	628727.8
END		
206	1962160.9	628726.1
	1962162.2	628728.2
	1962161.0	628724.5
	1962159.9	628725.4
	1962161.2	628728.2
	1962161.3	628728.7
	1962162.2	628728.2
END		
207	1962166.3	628730.0
	1962164.5	628728.3
	1962164.0	628728.6
	1962166.2	628730.5
	1962166.8	628730.0
	1962164.5	628728.3
END		
208	1962162.0	628729.1
	1962162.2	628728.2
	1962161.3	628728.7
	1962161.5	628730.0
	1962164.6	628732.8
	1962165.1	628731.9
	1962163.0	628729.8
	1962162.2	628728.2
END		
209	1962165.4	628730.5
	1962166.2	628730.5
	1962164.0	628728.6
	1962163.6	628727.8
	1962162.8	628728.0
	1962163.5	628729.4
	1962165.4	628731.1
	1962166.2	628730.5
END		
210	1962164.9	628731.1
	1962165.4	628731.1
	1962163.5	628729.4
	1962162.8	628728.0
	1962162.2	628728.2
	1962163.0	628729.8
	1962165.1	628731.9
	1962165.4	628731.1
END		
211	1962165.3	628732.7
	1962165.1	628731.9
	1962164.6	628732.8
	1962165.2	628733.4
	1962168.7	628735.3
	1962170.4	628736.0
	1962170.2	628734.4
	1962168.8	628734.2
	1962166.3	628733.1
	1962165.1	628731.9
END		
212	1962166.5	628732.4
	1962165.4	628731.1
	1962165.1	628731.9
	1962166.3	628733.1
	1962168.8	628734.2
	1962170.2	628734.4
	1962170.3	628733.5
	1962168.6	628733.3
	1962165.4	628731.1
END		
213	1962166.3	628731.1
	1962166.2	628730.5
	1962165.4	628731.1
	1962168.6	628733.3
	1962170.3	628733.5
	1962166.2	628730.5
END		
214	1962168.7	628731.7
	1962166.8	628730.0
	1962166.2	628730.5
	1962169.4	628732.8
	1962169.5	628731.4
	1962166.8	628730.0
END		
215	1962170.9	628731.3
	1962169.5	628731.4
	1962169.4	628732.8
	1962172.1	628731.4
	1962172.1	628730.4
	1962171.0	628730.3
	1962169.5	628731.4
END		
216	1962170.3	628732.8
	1962171.6	628731.7
	1962169.4	628732.8
	1962170.3	628733.5
	1962171.0	628733.5
	1962171.6	628731.7
END		
217	1962173.5	628736.0
	1962170.2	628735.0
	1962170.4	628736.0
	1962173.9	628737.5
	1962175.8	628738.5
	1962178.8	628737.2
	1962173.8	628734.2
	1962170.2	628735.0
END		
218	1962172.7	628731.7
	1962172.1	628731.4
	1962171.6	628731.7
	1962171.0	628733.5
	1962172.3	628732.4
	1962173.8	628732.3
	1962173.9	628731.3
	1962172.1	628731.4
END		
219	1962172.1	628733.5
	1962173.8	628734.2
	1962172.3	628732.4
	1962171.0	628733.5
	1962170.3	628733.5
	1962170.2	628734.4
	1962170.2	628735.0
	1962173.8	628734.2
END		
220	1962173.2	628730.7
	1962173.9	628731.3
	1962174.5	628730.4
	1962173.3	628730.3
	1962172.1	628730.4
	1962172.1	628731.4
	1962173.9	628731.3
END		
221	1962175.1	628732.0
	1962174.2	628730.7
	1962173.9	628731.3
	1962173.8	628732.3
	1962175.5	628732.9
	1962176.5	628731.8
	1962174.2	628730.7
END		
222	1962177.0	628730.3
	1962174.5	628730.4
	1962174.2	628730.7
	1962175.8	628731.5
	1962177.9	628730.1
	1962177.6	628729.5
	1962175.8	628730.6
	1962174.5	628730.4
END		
223	1962177.0	628731.1
	1962177.9	628730.1
	1962175.8	628731.5
	1962176.5	628731.8
	1962177.7	628731.2
	1962177.9	628730.1
END		
224	1962174.1	628733.1
	1962175.5	628732.9
	1962173.8	628732.3
	1962172.3	628732.4
	1962173.8	628734.2
	1962175.1	628733.8
	1962175.5	628732.9
END		
225	1962177.9	628735.8
	1962175.1	628733.8
	1962173.8	628734.2
	1962178.8	628737.2
	1962179.6	628735.3
	1962175.1	628733.8
END		
226	1962176.7	628733.1
	1962176.5	628731.8
	1962175.5	628732.9
	1962175.1	628733.8
	1962178.6	628735.0
	1962178.8	628733.8
	1962176.5	628731.8
END		
227	1962177.8	628732.2
	1962177.7	628731.2
	1962176.5	628731.8
	1962178.8	628733.8
	1962179.6	628733.3
	1962177.7	628731.2
END		
228	1962181.0	628733.0
	1962177.8	628730.8
	1962177.7	628731.2
	1962179.6	628733.3
	1962182.2	628734.5
	1962182.7	628732.8
	1962177.8	628730.8
END		
229	1962180.3	628734.3
	1962182.2	628734.5
	1962179.6	628733.3
	1962178.8	628733.8
	1962178.6	628735.0
	1962179.6	628735.3
	1962181.3	628735.9
	1962182.2	628734.5
END		
230	1962181.1	628731.7
	1962177.9	628730.1
	1962177.8	628730.8
	1962182.7	628732.8
	1962183.0	628732.0
	1962178.2	628730.1
	1962177.9	628730.1
END		
231	1962181.4	628730.9
	1962177.6	628729.5
	1962177.9	628730.1
	1962178.2	628730.1
	1962183.0	628732.0
	1962184.0	628731.5
	1962182.6	628730.9
	1962178.0	628729.2
	1962177.6	628729.5
END		
232	1962183.8	628732.0
	1962184.0	628731.5
	1962183.0	628732.0
	1962184.9	628732.6
	1962185.2	628732.2
	1962184.5	628732.3
	1962184.4	628731.7
	1962184.0	628731.5
END		
233	1962189.2	628734.3
	1962187.6	628733.1
	1962187.4	628733.5
	1962188.2	628733.6
	1962189.5	628735.2
	1962189.5	628735.1
	1962189.7	628734.5
	1962188.5	628733.1
	1962187.6	628733.1
END		
234	1962186.2	628732.7
	1962187.6	628733.1
	1962186.7	628732.3
	1962185.2	628732.2
	1962184.9	628732.6
	1962187.4	628733.5
	1962187.6	628733.1
END		
235	1962184.2	628732.9
	1962187.4	628733.5
	1962184.9	628732.6
	1962183.0	628732.0
	1962182.7	628732.8
	1962187.2	628734.2
	1962187.4	628733.5
END		
236	1962189.0	628735.2
	1962187.2	628734.2
	1962188.0	628734.2
	1962189.1	628736.3
	1962189.3	628735.7
	1962189.5	628735.2
	1962188.2	628733.6
	1962187.4	628733.5
	1962187.2	628734.2
END		
237	1962184.6	628734.4
	1962187.2	628734.2
	1962182.7	628732.8
	1962182.2	628734.5
	1962186.6	628735.4
	1962187.2	628734.2
END		
238	1962187.6	628734.8
	1962186.6	628735.4
	1962187.6	628735.5
	1962188.9	628737.3
	1962189.1	628736.3
	1962188.0	628734.2
	1962187.2	628734.2
	1962186.6	628735.4
END		
239	1962183.9	628735.6
	1962186.6	628735.4
	1962182.2	628734.5
	1962181.3	628735.9
	1962185.2	628737.3
	1962186.6	628735.4
END		
240	1962187.0	628737.3
	1962185.2	628737.3
	1962188.0	628740.1
	1962188.3	628739.2
	1962188.6	628738.1
	1962188.9	628737.3
	1962187.6	628735.5
	1962186.6	628735.4
	1962185.2	628737.3
END		
241	1962181.2	628736.7
	1962178.8	628737.2
	1962186.7	628738.8
	1962185.2	628737.3
	1962181.3	628735.9
	1962179.6	628735.3
	1962178.8	628737.2
END		
242	1962184.7	628740.0
	1962178.8	628737.2
	1962180.2	628739.6
	1962187.5	628741.9
	1962187.6	628741.5
	1962188.0	628740.1
	1962186.7	628738.8
	1962178.8	628737.2
END		
243	1962178.0	628738.8
	1962180.2	628739.6
	1962178.8	628737.2
	1962175.8	628738.5
	1962178.1	628739.8
	1962180.2	628739.6
END		
244	1962181.6	628742.0
	1962175.6	628742.2
	1962186.4	628745.8
	1962186.6	628745.1
	1962186.9	628743.9
	1962187.5	628741.9
	1962180.2	628739.6
	1962178.1	628739.8
	1962175.6	628742.2
END		
245	1962182.6	628745.8
	1962174.7	628744.4
	1962185.7	628748.3
	1962185.9	628747.4
	1962186.4	628745.8
	1962175.6	628742.2
	1962174.7	628744.4
END		
246	1962181.7	628748.2
	1962173.6	628746.6
	1962185.0	628750.8
	1962185.2	628749.8
	1962185.7	628748.3
	1962174.7	628744.4
	1962173.6	628746.6
END		
247	1962174.7	628748.2
	1962178.0	628748.2
	1962173.6	628746.6
	1962171.5	628748.2
	1962169.7	628749.3
	1962171.6	628750.1
	1962174.1	628749.5
	1962176.5	628750.6
	1962178.0	628748.2
END		
248	1962180.0	628750.1
	1962176.5	628750.6
	1962184.3	628753.0
	1962184.6	628751.9
	1962184.9	628750.9
	1962185.0	628750.8
	1962178.0	628748.2
	1962176.5	628750.6
END		
249	1962169.2	628751.0
	1962171.6	628750.1
	1962169.7	628749.3
	1962166.4	628751.3
	1962171.3	628753.5
	1962171.6	628750.1
END		
250	1962175.0	628751.3
	1962178.5	628751.3
	1962176.5	628750.6
	1962174.1	628749.5
	1962171.6	628750.1
	1962171.4	628751.8
	1962177.6	628754.0
	1962178.5	628751.3
END		
251	1962181.0	628753.4
	1962177.6	628754.0
	1962183.2	628756.6
	1962183.5	628755.6
	1962183.9	628754.4
	1962184.2	628753.3
	1962184.3	628753.0
	1962178.5	628751.3
	1962177.6	628754.0
END		
252	1962175.3	628754.5
	1962177.6	628754.0
	1962171.4	628751.8
	1962171.3	628753.5
	1962176.7	628756.4
	1962177.6	628754.0
END		
253	1962179.7	628756.3
	1962176.7	628756.4
	1962182.3	628759.8
	1962182.5	628759.1
	1962182.8	628758.0
	1962183.2	628756.6
	1962177.6	628754.0
	1962176.7	628756.4
END		
254	1962168.3	628753.5
	1962171.3	628753.5
	1962166.4	628751.3
	1962164.8	628751.0
	1962163.8	628752.3
	1962166.0	628753.9
	1962169.5	628755.1
	1962171.0	628754.8
	1962171.3	628753.5
END		
255	1962175.1	628756.5
	1962177.4	628756.8
	1962176.7	628756.4
	1962171.3	628753.5
	1962171.0	628754.8
	1962176.2	628758.4
	1962177.4	628756.8
END		
256	1962178.1	628758.4
	1962176.2	628758.4
	1962182.0	628760.9
	1962182.3	628759.8
	1962177.4	628756.8
	1962176.2	628758.4
END		
257	1962076.5	628705.9
	1962077.2	628706.1
	1962077.3	628706.0
	1962073.3	628704.8
	1962073.3	628705.1
	1962076.6	628706.2
	1962077.2	628706.1
END		
258	1962079.0	628706.8
	1962077.3	628706.0
	1962077.2	628706.1
	1962079.2	628706.9
	1962079.3	628706.9
	1962079.6	628706.8
	1962079.3	628706.8
	1962077.3	628706.0
END		
259	1962075.2	628705.9
	1962079.0	628707.1
	1962079.2	628707.2
	1962079.2	628707.2
	1962079.3	628706.9
	1962079.2	628706.9
	1962077.2	628706.1
	1962076.6	628706.2
	1962073.3	628705.1
	1962073.3	628705.3
	1962073.3	628705.3
	1962074.3	628705.8
	1962075.2	628706.2
	1962076.5	628706.5
	1962076.7	628706.5
	1962077.2	628706.4
	1962078.3	628706.8
	1962078.4	628706.8
	1962078.5	628706.9
	1962078.5	628706.9
	1962078.7	628707.0
	1962078.7	628707.0
	1962078.9	628707.0
	1962078.9	628707.0
	1962079.0	628707.1
	1962079.0	628707.1
END		
260	1962081.7	628707.5
	1962080.9	628707.3
	1962080.8	628707.5
	1962081.9	628707.7
	1962082.2	628707.7
	1962082.2	628707.5
	1962080.9	628707.3
END		
261	1962079.7	628707.2
	1962080.9	628707.3
	1962080.1	628707.1
	1962079.3	628706.9
	1962079.2	628707.2
	1962079.2	628707.2
	1962079.3	628707.2
	1962079.4	628707.2
	1962079.4	628707.2
	1962080.8	628707.5
	1962080.9	628707.3
END		
262	1962080.6	628707.1
	1962079.6	628706.8
	1962079.3	628706.9
	1962080.1	628707.1
	1962081.1	628707.3
	1962081.1	628707.1
	1962079.6	628706.8
END		
263	1962084.1	628708.1
	1962085.5	628708.4
	1962085.5	628708.2
	1962082.2	628707.5
	1962082.2	628707.7
	1962083.7	628708.2
	1962085.0	628708.4
	1962085.3	628708.4
	1962085.5	628708.4
END		
264	1962085.9	628708.3
	1962085.5	628708.2
	1962085.5	628708.4
	1962086.5	628708.5
	1962086.0	628708.0
	1962085.5	628708.2
END		
265	1962083.2	628707.5
	1962086.0	628708.0
	1962086.0	628707.7
	1962085.5	628707.6
	1962085.3	628707.7
	1962082.8	628707.3
	1962081.1	628707.1
	1962081.1	628707.3
	1962082.2	628707.5
	1962085.5	628708.2
	1962086.0	628708.0
END		
266	1962087.5	628708.0
	1962086.0	628707.7
	1962086.0	628708.0
	1962086.2	628708.2
	1962089.7	628708.2
	1962089.7	628708.1
	1962089.4	628708.1
	1962086.0	628707.7
END		
267	1962087.4	628708.3
	1962089.7	628708.4
	1962089.7	628708.2
	1962086.2	628708.2
	1962086.5	628708.5
	1962089.2	628708.3
	1962089.7	628708.4
END		
268	1962090.5	628708.5
	1962092.0	628708.4
	1962092.0	628708.1
	1962091.3	628708.2
	1962089.7	628708.2
	1962089.7	628708.4
	1962090.3	628708.8
	1962090.9	628708.6
	1962091.3	628708.5
	1962092.0	628708.4
END		
269	1962090.9	628708.1
	1962092.0	628708.1
	1962092.2	628708.1
	1962092.2	628707.9
	1962091.1	628708.0
	1962089.7	628708.1
	1962089.7	628708.2
	1962091.3	628708.2
	1962092.0	628708.1
END		
270	1962092.5	628708.2
	1962093.8	628708.1
	1962093.7	628707.9
	1962092.2	628708.1
	1962092.0	628708.1
	1962092.0	628708.4
	1962093.3	628708.1
	1962093.8	628708.1
END		
271	1962092.9	628707.9
	1962093.7	628707.9
	1962093.7	628707.8
	1962092.2	628707.9
	1962092.2	628708.1
	1962093.7	628707.9
END		
272	1962096.0	628707.9
	1962093.7	628707.9
	1962093.8	628708.1
	1962094.5	628708.0
	1962094.8	628707.9
	1962098.4	628708.1
	1962098.4	628708.0
	1962098.0	628708.0
	1962094.8	628707.8
	1962093.7	628707.9
END		
273	1962096.7	628707.8
	1962093.7	628707.8
	1962093.7	628707.9
	1962094.8	628707.8
	1962098.0	628708.0
	1962098.4	628708.0
	1962098.4	628707.9
	1962097.8	628707.8
	1962094.9	628707.7
	1962093.7	628707.8
END		
274	1962098.6	628708.1
	1962098.4	628708.0
	1962098.4	628708.1
	1962100.5	628708.5
	1962100.5	628708.4
	1962098.4	628708.0
END		
275	1962098.8	628708.1
	1962098.4	628707.9
	1962098.4	628708.0
	1962100.5	628708.4
	1962101.7	628708.6
	1962101.8	628708.5
	1962100.6	628708.4
	1962098.4	628707.9
END		
276	1962102.2	628708.8
	1962101.7	628708.6
	1962100.5	628708.4
	1962100.5	628708.5
	1962100.6	628708.5
	1962101.3	628708.6
	1962102.4	628709.0
	1962102.4	628709.1
	1962103.2	628709.1
	1962103.2	628708.9
	1962102.7	628708.9
	1962101.7	628708.6
END		
277	1962103.8	628709.2
	1962104.4	628709.5
	1962103.9	628709.1
	1962103.2	628708.9
	1962103.2	628709.1
	1962103.4	628709.1
	1962104.2	628709.5
	1962104.3	628709.5
	1962104.4	628709.5
END		
278	1962104.2	628709.0
	1962101.8	628708.5
	1962101.7	628708.6
	1962102.7	628708.9
	1962103.2	628708.9
	1962103.9	628709.1
	1962104.4	628709.4
	1962104.7	628708.9
	1962103.7	628708.6
	1962101.8	628708.5
END		
279	1962105.5	628709.4
	1962104.6	628709.0
	1962104.4	628709.4
	1962104.4	628709.5
	1962104.6	628709.4
	1962105.0	628709.3
	1962105.9	628709.6
	1962106.3	628709.6
	1962106.3	628709.5
	1962104.6	628709.0
END		
280	1962106.0	628709.2
	1962104.7	628708.9
	1962104.6	628709.0
	1962106.3	628709.5
	1962106.5	628709.2
	1962104.7	628708.9
END		
281	1962107.5	628709.9
	1962108.3	628710.1
	1962108.2	628709.9
	1962107.8	628709.7
	1962106.4	628709.4
	1962106.3	628709.5
	1962106.3	628709.6
	1962106.5	628709.8
	1962106.7	628709.9
	1962107.7	628710.2
	1962108.1	628710.1
	1962108.3	628710.1
END		
282	1962108.9	628710.0
	1962109.5	628710.0
	1962109.4	628709.9
	1962108.2	628709.9
	1962108.3	628710.1
	1962108.9	628710.1
	1962109.5	628710.0
END		
283	1962108.7	628709.8
	1962106.5	628709.2
	1962106.4	628709.4
	1962107.8	628709.7
	1962108.2	628709.9
	1962109.4	628709.9
	1962109.5	628709.7
	1962107.6	628709.6
	1962107.1	628709.4
	1962106.5	628709.2
END		
284	1962110.0	628710.0
	1962109.4	628709.9
	1962109.4	628709.9
	1962109.5	628710.0
	1962109.7	628710.0
	1962112.3	628710.2
	1962113.7	628710.4
	1962113.7	628710.3
	1962112.6	628710.2
	1962111.9	628710.1
	1962110.7	628710.0
	1962110.1	628709.9
	1962109.4	628709.9
END		
285	1962111.5	628710.0
	1962109.5	628709.7
	1962109.4	628709.9
	1962110.1	628709.9
	1962110.7	628710.0
	1962111.9	628710.1
	1962112.6	628710.2
	1962113.7	628710.3
	1962113.7	628710.1
	1962112.2	628709.9
	1962109.8	628709.8
	1962109.5	628709.7
END		
286	1962114.5	628710.4
	1962113.7	628710.1
	1962113.7	628710.3
	1962113.7	628710.4
	1962115.6	628710.8
	1962115.6	628710.4
	1962113.7	628710.1
END		
287	1962116.4	628710.8
	1962115.6	628710.6
	1962115.6	628710.8
	1962116.1	628710.9
	1962116.7	628710.9
	1962117.2	628710.9
	1962117.2	628710.8
	1962115.6	628710.6
END		
288	1962118.7	628710.9
	1962120.2	628710.9
	1962117.2	628710.8
	1962117.2	628710.9
	1962119.9	628711.0
	1962120.2	628710.9
END		
289	1962116.7	628710.6
	1962115.6	628710.4
	1962115.6	628710.6
	1962117.2	628710.8
	1962117.5	628710.8
	1962117.5	628710.6
	1962117.2	628710.6
	1962116.4	628710.5
	1962115.6	628710.4
END		
290	1962118.4	628710.8
	1962117.5	628710.6
	1962117.5	628710.8
	1962119.2	628710.8
	1962119.2	628710.7
	1962117.5	628710.6
END		
291	1962119.9	628710.8
	1962119.2	628710.7
	1962119.2	628710.8
	1962120.2	628710.9
	1962120.6	628710.9
	1962120.6	628710.7
	1962120.0	628710.7
	1962119.2	628710.7
END		
292	1962123.1	628711.2
	1962120.6	628710.9
	1962120.6	628710.9
	1962121.2	628711.0
	1962124.0	628711.5
	1962124.2	628711.3
	1962120.6	628710.9
END		
293	1962123.2	628711.1
	1962120.6	628710.7
	1962120.6	628710.9
	1962124.2	628711.3
	1962124.0	628711.1
	1962120.6	628710.7
END		
294	1962124.5	628711.4
	1962124.2	628711.3
	1962124.0	628711.5
	1962124.9	628711.7
	1962125.0	628711.4
	1962124.2	628711.3
END		
295	1962124.5	628711.2
	1962124.0	628711.1
	1962124.2	628711.3
	1962125.0	628711.4
	1962125.0	628711.2
	1962124.4	628711.0
	1962124.0	628711.1
END		
296	1962126.2	628711.8
	1962125.0	628711.4
	1962124.9	628711.7
	1962128.5	628712.2
	1962128.7	628712.3
	1962128.7	628712.1
	1962125.0	628711.4
END		
297	1962127.1	628711.7
	1962125.0	628711.2
	1962125.0	628711.4
	1962128.2	628712.0
	1962128.2	628711.8
	1962125.0	628711.2
END		
298	1962129.7	628712.2
	1962128.7	628712.1
	1962128.7	628712.3
	1962129.6	628712.4
	1962131.3	628712.5
	1962132.7	628712.5
	1962132.9	628712.6
	1962133.7	628712.8
	1962134.1	628713.0
	1962134.0	628712.8
	1962132.8	628712.4
	1962128.7	628712.1
END		
299	1962133.7	628712.6
	1962128.2	628711.8
	1962128.2	628712.0
	1962128.7	628712.1
	1962132.8	628712.4
	1962134.0	628712.8
	1962134.1	628712.4
	1962129.7	628712.0
	1962128.2	628711.8
END		
300	1962135.7	628713.3
	1962134.1	628712.4
	1962134.0	628712.8
	1962134.1	628713.0
	1962135.3	628713.4
	1962136.5	628713.9
	1962136.7	628713.3
	1962134.5	628712.6
	1962134.1	628712.4
END		
301	1962137.1	628714.0
	1962136.5	628713.7
	1962136.5	628713.9
	1962136.9	628714.0
	1962139.2	628714.7
	1962139.8	628715.0
	1962139.8	628714.9
	1962139.6	628714.8
	1962138.8	628714.5
	1962136.5	628713.7
END		
302	1962137.8	628714.0
	1962136.7	628713.3
	1962136.5	628713.7
	1962138.8	628714.5
	1962139.6	628714.8
	1962139.8	628714.9
	1962140.0	628714.5
	1962136.7	628713.3
END		
303	1962142.2	628715.6
	1962143.2	628715.7
	1962141.5	628715.3
	1962139.8	628714.9
	1962139.8	628715.0
	1962142.4	628715.7
	1962143.2	628715.7
END		
304	1962140.5	628714.9
	1962142.9	628715.4
	1962140.0	628714.5
	1962139.8	628714.9
	1962141.5	628715.3
	1962143.2	628715.7
	1962144.1	628715.7
	1962144.5	628716.3
	1962144.5	628716.4
	1962144.9	628716.1
	1962144.7	628715.9
	1962144.1	628715.7
	1962142.9	628715.4
END		
305	1962145.3	628716.8
	1962144.7	628716.2
	1962144.5	628716.4
	1962144.9	628717.0
	1962147.3	628717.7
	1962147.3	628717.3
	1962145.9	628716.9
	1962145.7	628716.6
	1962144.7	628716.2
END		
306	1962149.3	628717.9
	1962144.9	628716.1
	1962144.7	628716.2
	1962145.7	628716.6
	1962145.9	628716.9
	1962147.3	628717.3
	1962149.5	628718.3
	1962151.1	628719.2
	1962151.2	628718.5
	1962149.2	628717.5
	1962145.9	628716.4
	1962144.9	628716.1
END		
307	1962149.7	628718.6
	1962151.3	628719.5
	1962151.1	628719.2
	1962149.5	628718.3
	1962147.3	628717.3
	1962147.3	628717.7
	1962147.8	628717.8
	1962150.2	628719.1
	1962151.1	628719.5
	1962151.3	628719.5
END		
308	1962154.6	628719.7
	1962157.3	628719.3
	1962151.1	628719.2
	1962151.3	628719.5
	1962151.9	628719.4
	1962153.6	628720.1
	1962155.6	628720.1
	1962157.3	628719.3
END		
309	1962153.4	628718.8
	1962151.2	628718.5
	1962151.1	628719.2
	1962157.3	628719.3
	1962157.6	628719.0
	1962153.0	628718.5
	1962151.2	628718.5
END		
310	1962160.5	628720.8
	1962157.6	628719.0
	1962157.3	628719.3
	1962160.0	628721.0
	1962161.2	628721.1
	1962163.0	628721.9
	1962163.1	628721.5
	1962157.6	628719.0
END		
311	1962163.7	628722.9
	1962163.0	628721.9
	1962161.2	628721.1
	1962160.0	628721.0
	1962161.1	628721.8
	1962163.6	628723.3
	1962164.2	628723.4
	1962164.5	628722.6
	1962163.0	628721.9
END		
312	1962164.2	628722.2
	1962163.1	628721.5
	1962163.0	628721.9
	1962164.5	628722.6
	1962164.9	628722.2
	1962163.1	628721.5
END		
313	1962165.2	628723.1
	1962164.9	628722.2
	1962164.5	628722.6
	1962164.2	628723.4
	1962164.4	628724.2
	1962165.3	628724.4
	1962165.8	628723.5
	1962166.3	628722.7
	1962164.9	628722.2
END		
314	1962164.1	628726.2
	1962164.4	628724.2
	1962164.2	628723.4
	1962163.6	628723.3
	1962163.7	628724.7
	1962163.6	628726.0
	1962163.9	628726.9
	1962164.5	628726.8
	1962164.6	628726.4
	1962164.4	628724.2
END		
315	1962165.2	628726.7
	1962165.3	628724.4
	1962164.4	628724.2
	1962164.6	628726.4
	1962164.5	628726.8
	1962166.0	628728.3
	1962166.5	628727.9
	1962166.1	628726.9
	1962165.0	628725.6
	1962165.3	628724.4
END		
316	1962166.1	628726.4
	1962165.4	628726.0
	1962166.1	628726.9
	1962167.1	628724.9
	1962167.1	628724.6
	1962166.1	628726.0
	1962165.4	628726.0
END		
317	1962165.0	628728.0
	1962166.0	628728.3
	1962164.5	628726.8
	1962163.9	628726.9
	1962164.5	628728.3
	1962166.3	628729.7
	1962166.8	628729.2
	1962166.0	628728.3
END		
318	1962169.4	628730.9
	1962170.1	628730.9
	1962168.0	628730.0
	1962166.8	628729.2
	1962166.3	628729.7
	1962166.8	628730.0
	1962169.5	628731.4
	1962170.1	628730.9
END		
319	1962169.8	628730.3
	1962171.0	628730.3
	1962170.4	628729.8
	1962169.1	628729.7
	1962167.7	628729.2
	1962166.5	628727.9
	1962166.0	628728.3
	1962166.8	628729.2
	1962168.0	628730.0
	1962170.1	628730.9
	1962171.0	628730.3
END		
320	1962172.8	628729.9
	1962174.3	628730.3
	1962174.3	628730.0
	1962172.5	628729.5
	1962170.9	628730.2
	1962171.0	628730.3
	1962172.1	628730.4
	1962173.3	628730.3
	1962174.3	628730.3
END		
321	1962173.2	628728.5
	1962174.3	628730.0
	1962174.4	628728.5
	1962173.9	628726.0
	1962172.5	628727.5
	1962172.0	628728.5
	1962170.4	628729.8
	1962170.9	628730.2
	1962172.5	628729.5
	1962174.3	628730.0
END		
322	1962175.6	628727.8
	1962173.9	628726.0
	1962174.4	628728.5
	1962177.9	628728.9
	1962178.2	628728.5
	1962173.9	628726.0
END		
323	1962175.8	628729.8
	1962178.0	628729.2
	1962177.9	628728.9
	1962174.4	628728.5
	1962174.3	628730.0
	1962174.3	628730.3
	1962174.5	628730.4
	1962175.8	628730.6
	1962177.6	628729.5
	1962178.0	628729.2
END		
324	1962187.9	628732.8
	1962189.8	628734.3
	1962189.0	628733.0
	1962187.0	628732.2
	1962185.3	628732.0
	1962184.4	628731.7
	1962184.5	628732.3
	1962185.2	628732.2
	1962186.7	628732.3
	1962187.6	628733.1
	1962188.5	628733.1
	1962189.7	628734.5
	1962189.8	628734.3
END		
325	1962189.4	628733.3
	1962189.9	628733.9
	1962189.2	628732.6
	1962186.7	628731.9
	1962185.4	628731.7
	1962185.3	628732.0
	1962187.0	628732.2
	1962189.0	628733.0
	1962189.8	628734.3
	1962189.9	628733.9
END		
326	1962182.7	628730.6
	1962185.4	628731.7
	1962184.3	628731.0
	1962182.8	628730.3
	1962182.0	628730.3
	1962181.2	628730.0
	1962178.2	628728.5
	1962177.9	628728.9
	1962178.0	628729.2
	1962182.6	628730.9
	1962184.0	628731.5
	1962184.4	628731.7
	1962185.3	628732.0
	1962185.4	628731.7
END		
327	1962078.2	628724.8
	1962079.7	628723.7
	1962072.9	628725.9
	1962072.9	628726.5
	1962080.1	628724.8
	1962079.7	628723.7
END		
328	1962077.3	628726.1
	1962080.1	628724.8
	1962072.9	628726.5
	1962072.9	628727.0
	1962080.2	628726.6
	1962080.1	628724.8
END		
329	1962081.9	628724.0
	1962084.3	628724.0
	1962083.4	628723.9
	1962081.7	628723.4
	1962079.7	628723.7
	1962080.1	628724.8
	1962084.3	628724.0
END		
330	1962083.8	628724.7
	1962087.4	628724.9
	1962086.5	628724.6
	1962085.7	628724.3
	1962084.7	628724.1
	1962084.3	628724.0
	1962080.1	628724.8
	1962080.1	628725.7
	1962086.8	628725.4
	1962087.4	628724.9
END		
331	1962083.0	628726.1
	1962086.8	628725.4
	1962080.1	628725.7
	1962080.2	628726.6
	1962085.5	628726.5
	1962086.8	628725.4
END		
332	1962076.5	628727.7
	1962072.9	628727.8
	1962073.0	628727.8
	1962074.0	628728.1
	1962074.8	628728.0
	1962076.2	628728.3
	1962077.6	628728.4
	1962079.7	628728.0
	1962080.1	628728.0
	1962080.2	628726.6
	1962072.9	628727.0
	1962072.9	628727.8
END		
333	1962082.9	628727.5
	1962080.1	628728.0
	1962081.6	628728.1
	1962083.0	628728.1
	1962085.0	628727.8
	1962085.8	628728.0
	1962085.5	628726.5
	1962080.2	628726.6
	1962080.1	628728.0
END		
334	1962086.9	628726.1
	1962086.8	628725.4
	1962085.5	628726.5
	1962085.6	628727.2
	1962088.3	628726.4
	1962086.8	628725.4
END		
335	1962089.1	628725.8
	1962091.0	628725.5
	1962090.2	628725.3
	1962089.1	628725.2
	1962088.1	628725.3
	1962087.4	628724.9
	1962086.8	628725.4
	1962088.3	628726.4
	1962090.1	628727.0
	1962091.0	628725.5
END		
336	1962092.3	628727.5
	1962094.2	628726.9
	1962092.4	628726.4
	1962091.0	628725.5
	1962090.1	628727.0
	1962092.2	628728.8
	1962093.6	628728.4
	1962094.2	628726.9
END		
337	1962088.3	628727.6
	1962085.6	628727.2
	1962085.8	628728.0
	1962088.0	628728.5
	1962090.5	628728.9
	1962091.9	628729.4
	1962092.2	628728.8
	1962090.1	628727.0
	1962088.3	628726.4
	1962085.6	628727.2
END		
338	1962093.2	628729.4
	1962093.6	628728.4
	1962092.2	628728.8
	1962091.9	628729.4
	1962093.4	628729.9
	1962094.8	628731.0
	1962094.9	628730.5
	1962093.6	628728.4
END		
339	1962095.4	628728.3
	1962095.6	628727.3
	1962094.2	628726.9
	1962093.6	628728.4
	1962094.9	628730.5
	1962096.9	628729.2
	1962097.2	628728.3
	1962095.6	628727.3
END		
340	1962099.3	628728.1
	1962103.0	628728.5
	1962097.9	628727.3
	1962097.2	628726.7
	1962096.9	628726.7
	1962096.6	628727.0
	1962096.3	628727.0
	1962095.6	628727.3
	1962097.2	628728.3
	1962101.0	628729.0
	1962102.9	628729.1
	1962103.0	628728.5
END		
341	1962099.9	628729.2
	1962102.9	628729.1
	1962101.0	628729.0
	1962097.2	628728.3
	1962096.9	628729.2
	1962101.3	628729.9
	1962102.1	628730.5
	1962102.8	628730.2
	1962102.9	628729.1
END		
342	1962095.9	628730.3
	1962096.9	628729.2
	1962094.9	628730.5
	1962094.8	628731.0
	1962096.4	628730.7
	1962096.9	628729.2
END		
343	1962099.6	628731.2
	1962101.4	628731.2
	1962096.7	628729.9
	1962096.4	628730.7
	1962100.6	628732.0
	1962101.4	628731.2
END		
344	1962100.2	628730.4
	1962096.7	628729.9
	1962101.4	628731.2
	1962102.1	628730.5
	1962101.3	628729.9
	1962096.9	628729.2
	1962096.7	628729.9
END		
345	1962102.1	628731.9
	1962102.1	628730.5
	1962100.6	628732.0
	1962102.4	628734.0
	1962103.8	628733.9
	1962103.5	628731.3
	1962102.1	628730.5
END		
346	1962104.2	628730.7
	1962102.8	628730.2
	1962102.1	628730.5
	1962103.5	628731.3
	1962105.9	628732.0
	1962106.1	628730.5
	1962103.7	628729.8
	1962102.8	628730.2
END		
347	1962107.7	628731.1
	1962106.1	628730.5
	1962105.9	628732.0
	1962108.5	628733.3
	1962109.3	628731.1
	1962108.1	628729.7
	1962106.1	628730.5
END		
348	1962105.9	628733.1
	1962108.5	628733.3
	1962105.9	628732.0
	1962103.5	628731.3
	1962103.8	628733.9
	1962105.5	628733.9
	1962107.0	628734.0
	1962108.3	628734.3
	1962108.5	628733.3
END		
349	1962103.4	628728.7
	1962103.7	628729.8
	1962103.9	628728.2
	1962103.9	628727.8
	1962103.0	628728.5
	1962102.9	628729.1
	1962102.8	628730.2
	1962103.7	628729.8
END		
350	1962105.0	628729.6
	1962106.3	628728.9
	1962103.9	628728.2
	1962103.7	628729.8
	1962106.1	628730.5
	1962106.3	628728.9
END		
351	1962107.2	628729.5
	1962108.1	628729.7
	1962107.8	628728.1
	1962106.9	628728.7
	1962106.3	628728.9
	1962106.1	628730.5
	1962108.1	628729.7
END		
352	1962109.5	628729.9
	1962111.1	628729.5
	1962110.3	628729.0
	1962109.0	628728.6
	1962107.8	628728.1
	1962108.1	628729.7
	1962109.3	628731.1
	1962111.1	628729.5
END		
353	1962110.6	628734.4
	1962108.5	628733.3
	1962108.3	628734.3
	1962110.9	628735.1
	1962112.8	628734.9
	1962112.3	628733.7
	1962108.5	628733.3
END		
354	1962110.7	628732.8
	1962109.2	628731.4
	1962108.5	628733.3
	1962112.3	628733.7
	1962112.8	628732.3
	1962109.2	628731.4
END		
355	1962110.7	628731.2
	1962110.0	628730.5
	1962109.3	628731.1
	1962109.2	628731.4
	1962112.8	628732.3
	1962113.4	628731.6
	1962110.0	628730.5
END		
356	1962111.5	628730.3
	1962114.0	628730.8
	1962113.1	628730.5
	1962112.8	628730.2
	1962112.4	628730.2
	1962111.1	628729.5
	1962110.0	628730.5
	1962113.4	628731.6
	1962114.0	628730.8
END		
357	1962116.6	628732.2
	1962118.0	628732.2
	1962116.8	628731.5
	1962115.3	628731.2
	1962114.9	628731.2
	1962114.0	628730.8
	1962113.4	628731.6
	1962117.7	628733.1
	1962118.0	628732.2
END		
358	1962118.6	628734.1
	1962117.7	628733.1
	1962117.4	628735.4
	1962119.8	628734.9
	1962119.4	628732.3
	1962118.0	628732.2
	1962117.7	628733.1
END		
359	1962115.1	628733.1
	1962117.7	628733.1
	1962113.4	628731.6
	1962112.8	628732.3
	1962112.3	628733.7
	1962117.4	628735.4
	1962117.7	628733.1
END		
360	1962113.7	628734.5
	1962116.6	628735.6
	1962117.4	628735.4
	1962112.3	628733.7
	1962112.8	628734.9
	1962113.9	628734.7
	1962114.6	628735.2
	1962116.5	628735.6
	1962116.6	628735.6
END		
361	1962129.0	628742.2
	1962129.7	628741.6
	1962127.9	628740.9
	1962127.8	628740.9
	1962129.4	628744.2
	1962129.7	628741.6
END		
362	1962130.5	628742.7
	1962131.6	628742.1
	1962129.7	628741.6
	1962129.4	628744.2
	1962131.0	628744.4
	1962131.6	628742.1
END		
363	1962133.0	628742.6
	1962131.6	628742.1
	1962133.0	628743.9
	1962134.2	628744.5
	1962134.0	628742.1
	1962132.2	628741.3
	1962131.6	628742.1
END		
364	1962132.2	628744.1
	1962135.5	628745.3
	1962134.2	628744.5
	1962133.0	628743.9
	1962131.6	628742.1
	1962131.0	628744.4
	1962132.0	628744.8
	1962134.3	628747.0
	1962135.5	628745.3
END		
365	1962135.2	628746.9
	1962135.9	628747.8
	1962136.3	628745.7
	1962135.5	628745.3
	1962134.3	628747.0
	1962135.0	628747.7
	1962135.8	628747.9
	1962135.9	628747.8
END		
366	1962137.6	628748.2
	1962138.7	628748.2
	1962135.9	628747.8
	1962135.8	628747.9
	1962137.4	628748.4
	1962138.7	628748.5
	1962138.7	628748.2
END		
367	1962142.0	628748.7
	1962140.1	628748.4
	1962138.7	628748.2
	1962138.7	628748.5
	1962139.8	628748.5
	1962141.4	628748.8
	1962143.7	628749.1
	1962143.8	628748.8
	1962140.1	628748.4
END		
368	1962140.6	628747.7
	1962139.5	628746.0
	1962140.1	628748.4
	1962143.8	628748.8
	1962141.3	628747.7
	1962139.5	628746.0
END		
369	1962142.7	628747.3
	1962144.5	628747.1
	1962143.0	628746.6
	1962139.4	628745.1
	1962139.5	628746.0
	1962141.3	628747.7
	1962143.8	628748.8
	1962144.5	628747.1
END		
370	1962145.9	628748.1
	1962143.8	628748.8
	1962145.7	628748.8
	1962149.2	628749.7
	1962149.7	628748.7
	1962144.5	628747.1
	1962143.8	628748.8
END		
371	1962148.0	628749.8
	1962150.3	628749.9
	1962149.2	628749.7
	1962145.7	628748.8
	1962144.3	628748.8
	1962147.3	628750.5
	1962150.3	628749.9
END		
372	1962145.7	628750.1
	1962151.2	628750.1
	1962150.3	628749.9
	1962147.3	628750.5
	1962144.3	628748.8
	1962143.8	628748.8
	1962143.7	628749.1
	1962145.4	628750.7
	1962147.3	628750.9
	1962149.6	628750.2
	1962151.2	628750.1
END		
373	1962154.7	628752.2
	1962158.4	628753.4
	1962155.8	628752.7
	1962154.0	628751.8
	1962152.8	628750.5
	1962151.2	628750.1
	1962152.8	628750.6
	1962154.0	628752.0
	1962155.8	628752.8
	1962157.6	628753.2
	1962158.4	628753.6
	1962158.4	628753.4
END		
374	1962162.2	628754.4
	1962161.4	628753.8
	1962158.4	628753.4
	1962158.4	628753.6
	1962158.7	628753.7
	1962163.0	628754.9
	1962164.7	628755.0
	1962164.8	628754.8
	1962161.4	628753.8
END		
375	1962163.5	628753.3
	1962166.0	628753.9
	1962163.8	628752.3
	1962162.3	628752.5
	1962161.4	628753.8
	1962164.8	628754.8
	1962166.0	628753.9
END		
376	1962168.6	628755.5
	1962169.5	628755.1
	1962166.0	628753.9
	1962165.3	628754.4
	1962169.9	628756.5
	1962169.5	628755.1
END		
377	1962166.3	628755.2
	1962164.8	628754.8
	1962165.6	628755.5
	1962169.9	628756.5
	1962165.3	628754.4
	1962164.8	628754.8
END		
378	1962169.8	628756.7
	1962169.9	628756.5
	1962165.6	628755.5
	1962164.8	628754.8
	1962164.7	628755.0
	1962165.5	628755.7
	1962169.3	628756.7
	1962170.7	628757.2
	1962170.7	628756.8
	1962169.9	628756.5
END		
379	1962171.2	628755.9
	1962173.9	628756.8
	1962171.0	628754.8
	1962169.5	628755.1
	1962169.9	628756.5
	1962170.7	628756.8
	1962172.4	628757.5
	1962173.9	628756.8
END		
380	1962173.8	628757.6
	1962179.7	628759.9
	1962176.2	628758.4
	1962173.9	628756.8
	1962172.4	628757.5
	1962179.2	628760.7
	1962179.7	628759.9
END		
381	1962174.3	628758.8
	1962179.2	628760.7
	1962172.4	628757.5
	1962171.7	628757.3
	1962173.4	628758.8
	1962179.0	628761.1
	1962179.2	628760.7
END		
382	1962171.9	628757.8
	1962179.0	628761.1
	1962173.4	628758.8
	1962171.7	628757.3
	1962170.7	628756.8
	1962170.7	628757.2
	1962173.4	628759.2
	1962175.3	628760.0
	1962177.5	628761.0
	1962178.9	628761.4
	1962179.0	628761.1
END		
383	1962180.4	628760.7
	1962179.2	628760.7
	1962181.7	628762.0
	1962181.9	628761.2
	1962182.0	628760.9
	1962179.7	628759.9
	1962179.2	628760.7
END		
384	1962180.9	628762.1
	1962178.9	628761.4
	1962179.4	628761.6
	1962181.4	628762.9
	1962181.4	628762.9
	1962181.7	628762.0
	1962179.2	628760.7
	1962179.0	628761.1
	1962178.9	628761.4
END		
END		
