1	2111965.4	676878.7
	2111964.2	676877.6
	2111964.2	676878.3
	2111964.0	676879.9
	2111966.9	676879.4
	2111966.8	676878.8
	2111966.8	676877.5
	2111966.8	676877.0
	2111965.6	676877.2
	2111964.7	676878.1
	2111964.2	676877.6
END		
2	2111968.3	676878.5
	2111966.8	676878.8
	2111966.9	676879.4
	2111968.2	676879.6
	2111969.9	676879.3
	2111970.0	676877.5
	2111970.0	676877.3
	2111969.5	676877.4
	2111968.8	676876.7
	2111967.7	676876.7
	2111966.8	676877.0
	2111966.8	676877.5
	2111966.8	676878.8
END		
3	2111974.2	676877.1
	2111976.1	676878.3
	2111976.1	676877.7
	2111975.7	676877.5
	2111976.0	676876.0
	2111975.9	676875.7
	2111972.6	676877.0
	2111972.2	676877.3
	2111971.7	676877.3
	2111971.3	676876.9
	2111971.1	676876.8
	2111970.8	676876.9
	2111970.0	676877.3
	2111970.0	676877.5
	2111969.9	676878.0
	2111973.5	676878.3
	2111975.8	676879.1
	2111976.1	676878.3
END		
4	2111972.7	676879.0
	2111975.8	676879.1
	2111973.5	676878.3
	2111969.9	676878.0
	2111969.9	676879.3
	2111971.1	676879.2
	2111972.2	676879.7
	2111975.7	676879.6
	2111975.8	676879.1
END		
5	2111970.4	676880.1
	2111972.2	676879.7
	2111971.1	676879.2
	2111969.9	676879.3
	2111968.2	676879.6
	2111968.6	676880.6
	2111970.9	676881.3
	2111972.8	676881.2
	2111972.2	676879.7
END		
6	2111966.2	676880.1
	2111964.0	676880.5
	2111968.6	676880.6
	2111968.2	676879.6
	2111966.9	676879.4
	2111964.0	676879.9
	2111964.0	676880.5
END		
7	2111969.3	676881.7
	2111972.8	676881.2
	2111970.9	676881.3
	2111968.6	676880.6
	2111964.0	676880.5
	2111963.9	676881.2
	2111966.0	676881.8
	2111965.9	676882.5
	2111972.8	676882.6
	2111972.8	676881.2
END		
8	2111964.9	676882.7
	2111963.7	676883.7
	2111964.5	676883.6
	2111965.9	676882.9
	2111966.0	676881.8
	2111963.9	676881.2
	2111963.7	676883.7
END		
9	2111968.2	676883.8
	2111972.8	676882.6
	2111965.9	676882.5
	2111965.9	676882.9
	2111964.5	676883.6
	2111963.7	676883.7
	2111963.6	676885.5
	2111972.7	676885.8
	2111972.8	676882.6
END		
10	2111968.1	676889.0
	2111972.7	676885.8
	2111963.6	676885.5
	2111963.2	676891.3
	2111970.8	676891.3
	2111972.9	676890.9
	2111972.7	676885.8
END		
11	2111970.4	676893.4
	2111972.9	676890.9
	2111970.8	676891.3
	2111963.2	676891.3
	2111962.8	676895.7
	2111977.8	676897.2
	2111978.0	676893.9
	2111976.7	676891.4
	2111972.9	676890.9
END		
12	2111970.1	676898.5
	2111977.8	676897.2
	2111962.8	676895.7
	2111962.5	676899.8
	2111970.6	676900.4
	2111977.5	676899.7
	2111977.8	676897.2
END		
13	2111963.2	676900.9
	2111963.4	676899.8
	2111962.5	676899.8
	2111962.3	676902.7
	2111964.1	676901.2
	2111963.4	676899.8
END		
14	2111966.4	676901.5
	2111962.9	676902.2
	2111964.3	676903.9
	2111965.7	676903.8
	2111969.0	676904.0
	2111969.2	676900.3
	2111963.4	676899.8
	2111964.1	676901.2
	2111962.9	676902.2
END		
15	2111963.1	676903.5
	2111962.9	676902.2
	2111962.3	676902.7
	2111962.2	676904.1
	2111962.1	676905.4
	2111964.3	676903.9
	2111962.9	676902.2
END		
16	2112188.3	676926.0
	2112189.2	676925.7
	2112187.6	676925.7
	2112187.8	676926.2
	2112188.1	676926.2
	2112188.4	676926.2
	2112188.4	676926.2
	2112188.5	676926.1
	2112188.8	676926.0
	2112188.9	676926.0
	2112189.1	676926.0
	2112189.5	676925.9
	2112189.9	676925.8
	2112190.4	676925.7
	2112190.7	676925.6
	2112190.9	676925.7
	2112191.2	676925.7
	2112191.9	676925.5
	2112192.6	676925.4
	2112192.6	676925.2
	2112191.4	676925.3
	2112190.9	676925.4
	2112189.2	676925.7
END		
17	2111971.8	676903.0
	2111969.1	676901.3
	2111969.0	676904.0
	2111972.1	676904.5
	2111974.7	676905.1
	2111977.5	676905.5
	2111977.8	676904.5
	2111975.0	676903.3
	2111973.0	676901.8
	2111970.9	676901.4
	2111969.1	676901.3
END		
18	2111974.9	676901.6
	2111977.5	676899.7
	2111970.6	676900.4
	2111969.2	676900.3
	2111969.1	676901.3
	2111970.9	676901.4
	2111973.0	676901.8
	2111975.0	676903.3
	2111977.8	676904.5
	2111977.5	676899.7
END		
19	2111979.4	676905.6
	2111977.5	676905.5
	2111978.4	676905.5
	2111979.0	676906.1
	2111979.5	676906.3
	2111979.8	676906.4
	2111980.3	676905.4
	2111977.8	676904.5
	2111977.5	676905.5
END		
20	2111981.2	676906.8
	2111980.3	676905.4
	2111979.8	676906.4
	2111981.0	676907.7
	2111981.7	676907.7
	2111982.7	676906.2
	2111980.5	676905.5
	2111980.3	676905.4
END		
21	2111981.9	676903.6
	2111977.5	676899.7
	2111977.8	676904.5
	2111980.3	676905.4
	2111980.5	676905.5
	2111982.7	676906.2
	2111985.9	676904.8
	2111986.4	676901.4
	2111977.5	676899.7
END		
22	2111982.3	676896.9
	2111978.0	676893.9
	2111977.8	676897.2
	2111977.5	676899.7
	2111986.4	676901.4
	2111987.3	676897.9
	2111986.4	676896.2
	2111981.7	676894.2
	2111978.0	676893.9
END		
23	2111980.5	676892.3
	2111976.7	676891.4
	2111978.0	676893.9
	2111981.7	676894.2
	2111986.4	676896.2
	2111987.3	676897.9
	2111988.2	676894.2
	2111980.6	676890.9
	2111976.7	676891.4
END		
24	2111975.9	676888.0
	2111980.6	676890.9
	2111977.8	676885.7
	2111972.7	676885.8
	2111972.9	676890.9
	2111976.7	676891.4
	2111980.6	676890.9
END		
25	2111985.8	676891.7
	2111980.1	676890.0
	2111980.6	676890.9
	2111988.2	676894.2
	2111989.5	676891.1
	2111980.1	676890.0
END		
26	2111984.2	676888.5
	2111978.4	676886.8
	2111980.1	676890.0
	2111989.5	676891.1
	2111988.9	676886.9
	2111978.4	676886.8
END		
27	2111975.3	676883.3
	2111977.8	676885.7
	2111978.0	676880.1
	2111976.6	676880.0
	2111975.7	676879.6
	2111972.2	676879.7
	2111972.8	676881.2
	2111972.8	676882.6
	2111972.7	676885.8
	2111977.8	676885.7
END		
28	2111982.4	676885.9
	2111977.8	676884.4
	2111977.8	676885.7
	2111978.4	676886.8
	2111986.8	676886.9
	2111986.7	676886.0
	2111987.9	676884.8
	2111977.8	676884.4
END		
29	2111982.2	676882.2
	2111978.0	676880.6
	2111977.8	676884.4
	2111986.3	676884.7
	2111986.4	676881.5
	2111984.1	676880.7
	2111978.0	676880.6
END		
30	2111988.8	676882.8
	2111986.4	676881.5
	2111986.3	676884.7
	2111987.9	676884.8
	2111990.6	676883.7
	2111992.1	676881.7
	2111986.4	676881.5
END		
31	2111988.2	676885.7
	2111990.2	676883.8
	2111987.9	676884.8
	2111986.7	676886.0
	2111986.8	676886.9
	2111988.9	676886.9
	2111990.2	676883.8
END		
32	2111978.1	676878.8
	2111979.7	676878.3
	2111977.9	676877.7
	2111977.9	676877.3
	2111976.6	676876.8
	2111976.1	676877.7
	2111976.1	676878.3
	2111975.8	676879.1
	2111975.7	676879.6
	2111976.6	676880.0
	2111978.0	676880.1
	2111980.6	676878.6
	2111980.7	676878.5
	2111980.9	676878.1
	2111980.6	676878.2
	2111979.7	676878.3
END		
33	2111986.0	676876.3
	2111983.1	676876.4
	2111984.4	676877.1
	2111986.3	676877.1
	2111988.7	676877.0
	2111989.2	676877.5
	2111989.7	676876.8
	2111988.6	676876.1
	2111985.3	676875.2
	2111980.3	676874.5
	2111980.0	676874.9
	2111983.1	676876.4
END		
34	2111991.5	676879.1
	2111986.3	676877.1
	2111988.3	676879.2
	2111989.2	676880.4
	2111991.9	676880.6
	2111993.6	676879.9
	2111994.9	676878.9
	2111995.2	676878.7
	2111991.8	676877.3
	2111991.2	676877.3
	2111989.7	676876.8
	2111989.2	676877.5
	2111988.7	676877.0
	2111988.7	676877.0
	2111986.3	676877.1
END		
35	2111984.5	676879.7
	2111982.8	676878.7
	2111982.9	676880.6
	2111984.1	676880.7
	2111985.9	676880.3
	2111986.2	676879.6
	2111984.3	676878.2
	2111982.8	676878.7
END		
36	2111988.3	676880.8
	2111989.2	676880.4
	2111985.9	676880.3
	2111984.1	676880.7
	2111986.4	676881.5
	2111992.1	676881.7
	2111991.9	676880.6
	2111989.2	676880.4
END		
37	2111986.5	676878.8
	2111984.4	676877.1
	2111983.1	676876.4
	2111982.8	676878.7
	2111984.3	676878.2
	2111986.2	676879.6
	2111985.9	676880.3
	2111989.2	676880.4
	2111988.3	676879.2
	2111986.3	676877.1
	2111984.4	676877.1
END		
38	2111994.3	676880.7
	2111993.6	676879.9
	2111991.9	676880.6
	2111992.1	676881.7
	2111993.5	676881.5
	2111995.5	676881.8
	2111997.0	676880.3
	2111993.6	676879.9
END		
39	2111996.2	676879.2
	2111993.6	676879.9
	2111997.0	676880.3
	2111997.2	676880.1
	2111997.8	676880.0
	2111998.0	676879.0
	2111997.6	676879.0
	2111996.5	676878.7
	2111995.9	676878.5
	2111995.2	676878.7
	2111994.9	676878.9
	2111993.6	676879.9
END		
40	2111997.4	676880.9
	2111998.9	676881.3
	2111998.2	676880.7
	2111997.8	676880.0
	2111997.2	676880.1
	2111997.0	676880.3
	2111995.9	676881.4
	2111998.9	676881.3
END		
41	2111999.4	676881.9
	2112001.7	676881.5
	2112000.1	676881.4
	2111998.9	676881.3
	2111996.9	676881.4
	2111997.8	676882.5
	2112001.3	676882.7
	2112001.7	676881.5
END		
42	2111993.3	676882.7
	2111995.5	676881.8
	2111993.5	676881.5
	2111992.1	676881.7
	2111990.6	676883.7
	2111990.2	676883.8
	2111989.9	676884.5
	2111992.9	676884.4
	2111994.8	676884.5
	2111995.5	676881.8
END		
43	2111998.2	676883.4
	2112001.3	676882.7
	2111997.8	676882.5
	2111996.9	676881.4
	2111995.9	676881.4
	2111995.5	676881.8
	2111994.8	676884.5
	2111997.1	676884.8
	2112001.5	676884.7
	2112001.3	676882.7
END		
44	2111994.3	676885.0
	2111994.8	676884.5
	2111992.9	676884.4
	2111992.3	676884.4
	2111993.9	676885.5
	2111998.0	676886.7
	2111999.1	676886.9
	2112001.2	676887.4
	2112001.3	676886.6
	2111997.1	676885.6
	2111995.5	676885.2
	2111994.8	676884.5
END		
45	2111998.8	676885.3
	2112001.5	676884.7
	2111997.1	676884.8
	2111994.8	676884.5
	2111995.5	676885.2
	2111997.1	676885.6
	2112001.3	676886.6
	2112001.5	676884.7
END		
46	2111992.1	676885.8
	2111996.4	676886.2
	2111993.9	676885.5
	2111992.3	676884.4
	2111989.9	676884.5
	2111988.9	676886.9
	2111992.2	676887.0
	2111996.0	676887.8
	2111996.4	676886.2
END		
47	2111998.6	676887.7
	2112001.2	676887.4
	2111999.1	676886.9
	2111998.0	676886.7
	2111996.4	676886.2
	2111996.0	676887.8
	2112000.5	676889.8
	2112001.2	676887.4
END		
48	2111991.3	676888.5
	2111992.2	676887.0
	2111988.9	676886.9
	2111989.3	676889.8
	2111992.2	676890.2
	2111995.7	676891.0
	2111992.2	676887.0
END		
49	2111997.7	676890.2
	2112000.5	676889.8
	2111996.0	676887.8
	2111992.2	676887.0
	2111995.7	676891.0
	2111996.6	676892.1
	2112000.7	676892.2
	2112000.5	676889.8
END		
50	2111992.8	676892.0
	2111996.6	676892.1
	2111995.7	676891.0
	2111992.2	676890.2
	2111989.3	676889.8
	2111989.5	676891.1
	2111989.0	676892.3
	2111991.6	676892.5
	2111993.9	676893.4
	2111996.0	676893.4
	2111996.6	676892.1
END		
51	2111998.5	676892.9
	2112000.7	676892.2
	2111996.6	676892.1
	2111996.0	676893.4
	2111998.4	676893.7
	2112000.5	676894.0
	2112000.7	676892.2
END		
52	2111992.0	676894.3
	2111996.0	676893.4
	2111993.9	676893.4
	2111991.6	676892.5
	2111989.0	676892.3
	2111988.2	676894.2
	2111988.2	676894.5
	2111990.1	676895.4
	2111993.0	676895.6
	2111995.2	676895.7
	2111996.0	676893.4
END		
53	2111999.5	676895.0
	2112000.5	676894.0
	2111998.4	676893.7
	2111996.0	676893.4
	2111995.2	676895.7
	2111997.3	676895.8
	2111998.4	676896.1
	2112000.4	676895.6
	2112003.6	676895.2
	2112003.5	676894.2
	2112000.5	676894.0
END		
54	2111991.1	676896.7
	2111995.2	676895.7
	2111993.0	676895.6
	2111990.1	676895.4
	2111988.2	676894.5
	2111987.3	676897.9
	2111988.2	676898.2
	2111994.2	676897.7
	2111995.2	676895.7
END		
55	2111999.1	676896.7
	2112003.6	676895.2
	2112000.4	676895.6
	2111998.4	676896.1
	2111997.3	676895.8
	2111995.2	676895.7
	2111994.2	676897.7
	2111997.2	676897.1
	2111998.3	676897.0
	2112001.1	676897.4
	2112003.8	676896.6
	2112003.6	676895.2
END		
56	2111993.6	676899.4
	2112001.1	676897.4
	2111998.3	676897.0
	2111997.2	676897.1
	2111994.2	676897.7
	2111988.2	676898.2
	2111987.3	676897.9
	2111986.5	676901.0
	2111989.8	676901.0
	2111994.4	676901.0
	2111996.9	676899.9
	2111999.9	676899.6
	2112001.4	676898.5
	2112001.1	676897.4
END		
57	2112001.9	676901.8
	2111999.9	676899.6
	2111996.9	676899.9
	2111994.4	676901.0
	2111998.5	676901.4
	2112001.1	676903.1
	2112004.4	676903.3
	2112004.7	676899.7
	2111999.9	676899.6
END		
58	2112002.9	676898.5
	2112003.8	676896.6
	2112001.1	676897.4
	2112001.4	676898.5
	2111999.9	676899.6
	2112004.7	676899.7
	2112003.8	676896.6
END		
59	2111989.9	676902.5
	2111993.6	676901.0
	2111989.8	676901.0
	2111986.5	676901.0
	2111986.4	676901.4
	2111985.9	676904.8
	2111987.1	676904.2
	2111990.4	676904.0
	2111991.1	676904.6
	2111993.2	676904.6
	2111993.6	676901.0
END		
60	2111998.9	676903.3
	2112004.4	676903.3
	2112001.1	676903.1
	2111998.5	676901.4
	2111994.4	676901.0
	2111993.6	676901.0
	2111993.2	676904.6
	2112000.1	676904.8
	2112004.2	676904.7
	2112004.4	676903.3
END		
61	2111995.9	676905.6
	2112000.6	676904.8
	2112000.1	676904.8
	2111993.2	676904.6
	2111991.1	676904.6
	2111991.0	676907.0
	2111998.5	676906.5
	2112000.6	676905.8
	2112000.6	676904.8
END		
62	2111988.3	676904.8
	2111991.1	676904.6
	2111990.4	676904.0
	2111987.1	676904.2
	2111985.9	676904.8
	2111985.2	676905.1
	2111986.3	676905.6
	2111988.3	676906.0
	2111991.1	676904.6
END		
63	2111984.2	676906.6
	2111986.7	676905.6
	2111986.3	676905.6
	2111985.2	676905.1
	2111982.7	676906.2
	2111984.8	676907.6
	2111985.4	676906.0
	2111986.4	676906.1
	2111986.7	676905.6
END		
64	2111987.8	676906.9
	2111986.4	676906.1
	2111987.0	676906.6
	2111987.3	676907.7
	2111988.3	676907.6
	2111988.6	676907.6
	2111988.3	676906.0
	2111986.7	676905.6
	2111986.4	676906.1
END		
65	2111986.1	676907.1
	2111986.4	676906.1
	2111985.4	676906.0
	2111984.8	676907.6
	2111985.3	676907.6
	2111986.1	676908.7
	2111987.0	676908.7
	2111987.3	676907.7
	2111987.0	676906.6
	2111986.4	676906.1
END		
66	2111983.2	676907.4
	2111983.0	676908.3
	2111984.1	676908.7
	2111985.5	676909.0
	2111985.9	676909.2
	2111986.1	676908.7
	2111985.3	676907.6
	2111984.8	676907.6
	2111982.7	676906.2
	2111981.7	676907.7
	2111982.0	676908.0
	2111983.0	676908.3
END		
67	2111989.7	676906.4
	2111991.0	676907.0
	2111991.1	676904.6
	2111988.3	676906.0
	2111988.6	676907.6
	2111989.6	676907.5
	2111991.0	676907.0
END		
68	2111989.5	676907.9
	2111990.8	676909.3
	2111990.8	676909.3
	2111992.4	676908.7
	2111991.0	676907.0
	2111989.6	676907.5
	2111988.6	676907.6
	2111988.3	676907.6
	2111987.3	676907.7
	2111987.0	676908.7
	2111990.3	676908.7
	2111990.8	676909.3
END		
69	2111994.0	676907.9
	2111996.1	676906.7
	2111991.0	676907.0
	2111992.4	676908.7
	2111996.4	676908.8
	2111996.1	676906.7
END		
70	2111998.5	676907.6
	2112000.6	676905.8
	2111998.5	676906.5
	2111996.1	676906.7
	2111996.4	676908.8
	2111999.9	676908.1
	2112000.7	676908.2
	2112000.6	676905.8
END		
71	2112007.5	676906.5
	2112004.2	676904.7
	2112000.6	676904.8
	2112000.6	676905.8
	2112000.7	676908.2
	2112002.3	676908.2
	2112007.8	676908.6
	2112010.8	676909.1
	2112014.1	676909.2
	2112014.4	676905.1
	2112004.2	676904.7
END		
72	2112009.6	676901.9
	2112004.7	676899.7
	2112004.4	676903.3
	2112004.2	676904.7
	2112014.4	676905.1
	2112014.8	676899.7
	2112004.7	676899.7
END		
73	2112010.4	676897.9
	2112003.8	676896.6
	2112004.7	676899.7
	2112014.8	676899.7
	2112016.7	676897.9
	2112010.6	676895.2
	2112007.1	676896.5
	2112003.8	676896.6
END		
74	2112003.8	676889.9
	2112001.2	676887.4
	2112000.5	676889.8
	2112000.7	676892.2
	2112000.5	676893.6
	2112004.0	676892.2
	2112007.0	676890.2
	2112007.2	676889.3
	2112001.2	676887.4
END		
75	2112008.7	676891.3
	2112007.2	676889.3
	2112007.0	676890.2
	2112004.0	676892.2
	2112000.5	676893.6
	2112000.5	676894.0
	2112003.5	676894.2
	2112007.1	676893.6
	2112010.3	676892.3
	2112013.5	676890.5
	2112007.2	676889.3
END		
76	2112011.6	676892.9
	2112010.6	676895.2
	2112012.7	676894.4
	2112015.5	676892.0
	2112015.9	676891.0
	2112013.5	676890.5
	2112010.3	676892.3
	2112007.1	676893.6
	2112003.5	676894.2
	2112003.6	676895.2
	2112003.8	676896.6
	2112007.1	676896.5
	2112010.6	676895.2
END		
77	2112008.2	676888.4
	2112001.4	676885.7
	2112001.3	676886.6
	2112001.2	676887.4
	2112007.2	676889.3
	2112012.0	676890.2
	2112012.1	676886.9
	2112010.5	676886.9
	2112004.7	676886.2
	2112001.4	676885.7
END		
78	2112004.0	676885.2
	2112001.3	676882.7
	2112001.5	676884.7
	2112001.4	676885.7
	2112004.7	676886.2
	2112010.5	676886.9
	2112006.2	676885.1
	2112003.1	676883.8
	2112001.3	676882.7
END		
79	2112002.8	676882.9
	2112005.4	676881.8
	2112004.3	676881.8
	2112004.1	676881.7
	2112003.7	676881.8
	2112002.2	676881.8
	2112001.7	676881.5
	2112001.3	676882.7
	2112003.1	676883.8
	2112003.9	676882.9
	2112006.3	676882.8
	2112005.4	676881.8
END		
80	2112007.8	676883.2
	2112011.8	676882.9
	2112006.4	676882.9
	2112006.3	676882.8
	2112003.9	676882.9
	2112003.1	676883.8
	2112006.5	676883.5
	2112011.0	676883.7
	2112012.2	676883.6
	2112011.8	676882.9
END		
81	2112010.5	676885.5
	2112012.2	676883.6
	2112011.0	676883.7
	2112006.5	676883.5
	2112003.1	676883.8
	2112006.2	676885.1
	2112010.5	676886.9
	2112012.1	676886.9
	2112014.0	676886.3
	2112014.0	676885.7
	2112012.2	676883.6
END		
82	2112014.5	676888.3
	2112018.2	676884.7
	2112017.1	676884.3
	2112016.1	676884.6
	2112013.0	676884.6
	2112014.0	676885.7
	2112014.0	676886.3
	2112012.1	676886.9
	2112012.0	676890.2
	2112013.5	676890.5
	2112015.9	676891.0
	2112018.2	676884.7
END		
83	2112019.6	676888.5
	2112015.9	676891.0
	2112022.0	676890.8
	2112022.3	676888.3
	2112023.9	676886.2
	2112021.9	676885.8
	2112021.5	676885.3
	2112020.9	676885.5
	2112020.4	676885.5
	2112018.2	676884.7
	2112015.9	676891.0
END		
84	2112025.0	676889.1
	2112023.5	676886.7
	2112022.3	676888.3
	2112022.0	676890.8
	2112024.2	676890.7
	2112027.3	676890.5
	2112028.2	676888.0
	2112024.5	676887.3
	2112023.5	676886.7
END		
85	2112024.8	676886.6
	2112028.2	676888.0
	2112030.0	676887.7
	2112030.5	676887.6
	2112030.1	676887.2
	2112029.9	676887.0
	2112028.0	676887.0
	2112025.8	676886.6
	2112025.0	676885.8
	2112024.4	676885.7
	2112023.9	676886.2
	2112023.5	676886.7
	2112024.5	676887.3
	2112028.2	676888.0
END		
86	2112025.5	676891.6
	2112027.3	676890.5
	2112024.2	676890.7
	2112022.0	676890.8
	2112020.8	676890.8
	2112021.4	676891.9
	2112027.0	676892.4
	2112029.7	676892.4
	2112029.9	676890.9
	2112027.3	676890.5
END		
87	2112018.3	676892.3
	2112021.4	676891.9
	2112020.8	676890.8
	2112015.9	676891.0
	2112015.5	676892.0
	2112012.7	676894.4
	2112018.9	676894.3
	2112021.3	676894.4
	2112021.4	676891.9
END		
88	2112024.6	676893.4
	2112028.8	676892.4
	2112027.0	676892.4
	2112021.4	676891.9
	2112021.3	676894.4
	2112022.1	676894.3
	2112027.2	676895.6
	2112027.5	676893.8
	2112028.8	676892.4
END		
89	2112019.4	676895.6
	2112027.2	676895.6
	2112022.1	676894.3
	2112021.3	676894.4
	2112018.9	676894.3
	2112012.7	676894.4
	2112010.6	676895.2
	2112014.4	676896.9
	2112016.6	676896.5
	2112022.8	676896.6
	2112024.7	676897.5
	2112026.4	676897.7
	2112027.2	676895.6
END		
90	2112020.3	676897.5
	2112026.4	676897.7
	2112024.7	676897.5
	2112022.8	676896.6
	2112016.6	676896.5
	2112014.4	676896.9
	2112016.7	676897.9
	2112017.8	676898.2
	2112020.7	676898.5
	2112023.2	676898.9
	2112026.2	676899.1
	2112026.4	676897.7
END		
91	2112020.5	676899.7
	2112026.2	676899.1
	2112023.2	676898.9
	2112020.7	676898.5
	2112017.8	676898.2
	2112016.7	676897.9
	2112014.8	676899.7
	2112014.8	676900.6
	2112025.9	676901.0
	2112026.2	676899.1
END		
92	2112020.2	676902.7
	2112025.9	676901.0
	2112014.8	676900.6
	2112014.4	676905.1
	2112025.5	676905.8
	2112025.9	676901.0
END		
93	2112019.7	676907.8
	2112025.5	676905.8
	2112014.4	676905.1
	2112014.1	676909.2
	2112025.0	676909.6
	2112025.5	676905.8
END		
94	2112035.0	676913.5
	2112030.6	676911.7
	2112031.9	676913.1
	2112032.1	676913.2
	2112033.7	676913.8
	2112034.5	676914.6
	2112037.3	676914.7
	2112037.0	676913.1
	2112034.4	676912.4
	2112030.6	676911.7
END		
95	2112033.1	676910.2
	2112025.5	676905.8
	2112025.0	676909.6
	2112027.8	676909.8
	2112030.1	676911.1
	2112030.6	676911.7
	2112034.4	676912.4
	2112037.0	676913.1
	2112038.2	676908.8
	2112032.8	676907.2
	2112025.5	676905.8
END		
96	2112032.9	676904.9
	2112026.2	676899.1
	2112025.9	676901.0
	2112025.5	676905.8
	2112032.8	676907.2
	2112038.2	676908.8
	2112040.4	676904.4
	2112038.4	676903.9
	2112036.6	676902.9
	2112032.4	676901.5
	2112026.2	676899.1
END		
97	2112029.8	676899.2
	2112027.2	676895.6
	2112026.4	676897.7
	2112026.2	676899.1
	2112032.4	676901.5
	2112032.9	676901.7
	2112033.1	676898.5
	2112029.6	676897.4
	2112027.2	676895.6
END		
98	2112030.9	676894.8
	2112029.7	676892.4
	2112028.8	676892.4
	2112027.5	676893.8
	2112027.2	676895.6
	2112029.6	676897.4
	2112033.1	676898.5
	2112034.9	676895.1
	2112033.9	676894.0
	2112031.9	676892.7
	2112029.7	676892.4
END		
99	2112034.2	676892.6
	2112029.9	676890.9
	2112029.7	676892.4
	2112031.9	676892.7
	2112033.9	676894.0
	2112034.9	676895.1
	2112037.3	676892.5
	2112035.9	676891.8
	2112029.9	676890.9
END		
100	2112031.4	676890.1
	2112027.8	676889.2
	2112027.3	676890.5
	2112029.9	676890.9
	2112034.8	676891.6
	2112035.3	676890.0
	2112033.6	676889.0
	2112027.8	676889.2
END		
101	2112036.8	676891.1
	2112035.3	676890.0
	2112034.8	676891.6
	2112035.9	676891.8
	2112037.3	676892.5
	2112037.6	676892.7
	2112038.7	676892.9
	2112039.9	676892.7
	2112040.2	676892.4
	2112038.5	676891.0
	2112037.1	676890.3
	2112035.3	676890.0
END		
102	2112030.7	676888.5
	2112027.8	676889.2
	2112033.6	676889.0
	2112034.0	676889.0
	2112031.9	676887.5
	2112030.5	676887.6
	2112030.0	676887.7
	2112028.2	676888.0
	2112027.8	676889.2
END		
103	2112036.7	676889.9
	2112038.4	676890.1
	2112037.7	676889.4
	2112035.9	676889.6
	2112034.0	676889.0
	2112033.6	676889.0
	2112034.4	676889.4
	2112035.3	676890.0
	2112037.1	676890.3
	2112038.5	676891.0
	2112038.9	676891.3
	2112039.1	676891.1
	2112038.4	676890.1
END		
104	2112041.3	676890.0
	2112041.1	676891.4
	2112041.9	676891.4
	2112042.3	676889.4
	2112042.0	676889.4
	2112040.9	676888.3
	2112040.3	676887.7
	2112040.1	676888.3
	2112040.0	676888.5
	2112040.0	676888.7
	2112041.1	676891.4
END		
105	2112045.4	676891.9
	2112041.9	676892.4
	2112042.3	676892.4
	2112045.9	676892.3
	2112047.5	676892.4
	2112048.5	676892.9
	2112049.0	676891.9
	2112047.0	676891.2
	2112041.9	676891.4
	2112041.9	676892.4
END		
106	2112053.6	676896.5
	2112053.0	676895.2
	2112049.0	676891.9
	2112048.5	676892.9
	2112049.8	676893.8
	2112054.1	676897.6
	2112054.5	676896.6
	2112053.0	676895.2
END		
107	2112045.5	676890.5
	2112043.3	676889.4
	2112042.3	676889.4
	2112041.9	676891.4
	2112047.0	676891.2
	2112048.1	676891.6
	2112049.0	676890.4
	2112049.2	676890.0
	2112045.9	676888.9
	2112045.7	676889.3
	2112045.0	676889.4
	2112044.2	676889.1
	2112044.1	676889.4
	2112043.3	676889.4
END		
108	2112052.5	676893.1
	2112048.1	676891.6
	2112049.0	676891.9
	2112053.0	676895.2
	2112055.1	676893.9
	2112055.3	676893.8
	2112054.1	676892.6
	2112051.9	676891.0
	2112049.2	676890.0
	2112049.0	676890.4
	2112048.1	676891.6
END		
109	2112048.2	676895.5
	2112043.5	676892.4
	2112045.4	676897.4
	2112054.1	676897.6
	2112049.8	676893.8
	2112048.5	676892.9
	2112047.5	676892.4
	2112045.9	676892.3
	2112043.5	676892.4
END		
110	2112041.3	676895.5
	2112045.4	676897.4
	2112043.5	676892.4
	2112042.3	676892.4
	2112040.2	676892.4
	2112039.9	676892.7
	2112038.7	676892.9
	2112037.6	676892.7
	2112037.3	676892.5
	2112036.1	676893.8
	2112040.1	676897.6
	2112045.4	676897.4
END		
111	2112034.8	676897.2
	2112034.9	676895.1
	2112033.1	676898.5
	2112036.5	676898.6
	2112034.9	676895.1
END		
112	2112038.1	676897.6
	2112040.1	676897.6
	2112036.1	676893.8
	2112034.9	676895.1
	2112036.5	676898.6
	2112037.5	676899.7
	2112038.3	676900.2
	2112040.1	676897.6
END		
113	2112035.6	676900.1
	2112038.3	676900.2
	2112037.5	676899.7
	2112036.5	676898.6
	2112033.1	676898.5
	2112032.9	676901.7
	2112035.8	676902.6
	2112036.5	676901.8
	2112038.3	676900.2
END		
114	2112049.8	676898.7
	2112054.1	676897.6
	2112045.9	676897.4
	2112045.6	676899.9
	2112050.1	676900.1
	2112051.0	676900.7
	2112053.6	676900.6
	2112054.1	676897.6
END		
115	2112048.9	676901.1
	2112052.5	676900.6
	2112051.0	676900.7
	2112050.1	676900.1
	2112045.6	676899.9
	2112045.3	676901.9
	2112052.0	676901.9
	2112052.5	676900.6
END		
116	2112048.9	676902.3
	2112052.0	676901.9
	2112045.3	676901.9
	2112046.7	676903.1
	2112051.8	676903.0
	2112052.0	676901.9
END		
117	2112049.8	676905.4
	2112051.8	676903.0
	2112046.7	676903.1
	2112048.4	676904.4
	2112047.7	676907.0
	2112050.1	676906.8
	2112051.8	676905.1
	2112054.4	676904.3
	2112052.6	676903.0
	2112051.8	676903.0
END		
118	2112053.6	676902.1
	2112053.6	676900.6
	2112052.5	676900.6
	2112052.0	676901.9
	2112051.8	676903.0
	2112052.6	676903.0
	2112054.4	676904.3
	2112056.9	676903.7
	2112053.6	676900.6
END		
119	2112042.2	676899.6
	2112036.6	676902.9
	2112038.7	676902.7
	2112045.8	676902.3
	2112045.3	676901.9
	2112045.9	676897.4
	2112045.4	676897.4
	2112040.1	676897.6
	2112038.3	676900.2
	2112036.5	676901.8
	2112035.8	676902.6
	2112036.6	676902.9
END		
120	2112042.5	676903.5
	2112048.3	676904.3
	2112046.7	676903.1
	2112045.8	676902.3
	2112038.7	676902.7
	2112036.6	676902.9
	2112038.4	676903.9
	2112040.4	676904.4
	2112048.3	676904.3
END		
121	2112044.0	676905.5
	2112047.7	676907.0
	2112048.4	676904.4
	2112048.3	676904.3
	2112040.4	676904.4
	2112039.0	676907.2
	2112047.7	676907.0
END		
122	2112040.9	676908.5
	2112044.0	676907.1
	2112039.0	676907.2
	2112038.2	676908.8
	2112037.7	676910.3
	2112042.9	676910.6
	2112044.0	676907.1
END		
123	2112040.1	676911.5
	2112042.9	676910.6
	2112037.7	676910.3
	2112037.2	676912.4
	2112042.4	676913.3
	2112042.9	676910.6
END		
124	2112039.8	676914.1
	2112042.4	676913.3
	2112037.2	676912.4
	2112037.0	676913.1
	2112037.3	676914.7
	2112037.6	676915.2
	2112042.3	676915.2
	2112042.4	676913.3
END		
125	2112046.2	676914.4
	2112042.4	676913.3
	2112042.3	676915.2
	2112047.2	676915.4
	2112049.8	676916.0
	2112050.1	676913.8
	2112042.4	676913.3
END		
126	2112046.5	676911.9
	2112042.9	676910.6
	2112042.4	676913.3
	2112050.1	676913.8
	2112050.5	676911.0
	2112042.9	676910.6
END		
127	2112047.1	676909.1
	2112050.8	676906.2
	2112050.1	676906.8
	2112047.7	676907.0
	2112044.0	676907.1
	2112042.9	676910.6
	2112050.5	676911.0
	2112051.1	676907.1
	2112050.8	676906.2
END		
128	2112057.1	676905.0
	2112056.9	676903.7
	2112054.4	676904.3
	2112051.8	676905.1
	2112052.9	676906.1
	2112061.6	676906.3
	2112062.8	676904.3
	2112058.0	676903.2
	2112056.9	676903.7
END		
129	2112056.3	676907.0
	2112061.6	676906.3
	2112052.9	676906.1
	2112051.8	676905.1
	2112050.8	676906.2
	2112051.1	676907.1
	2112050.9	676908.3
	2112061.5	676908.3
	2112061.6	676906.3
END		
130	2112056.1	676909.6
	2112061.5	676908.3
	2112050.9	676908.3
	2112050.5	676911.0
	2112061.5	676911.6
	2112061.5	676908.3
END		
131	2112055.7	676913.3
	2112061.5	676911.6
	2112050.5	676911.0
	2112050.1	676913.8
	2112050.0	676914.5
	2112061.1	676914.8
	2112061.5	676911.6
END		
132	2112058.1	676915.8
	2112061.1	676914.8
	2112050.0	676914.5
	2112049.8	676916.0
	2112051.0	676916.4
	2112053.5	676916.3
	2112054.4	676915.8
	2112055.4	676915.9
	2112057.7	676916.7
	2112060.8	676916.7
	2112061.1	676914.8
END		
133	2112065.3	676916.0
	2112061.1	676914.8
	2112060.8	676916.7
	2112062.3	676917.0
	2112063.2	676916.6
	2112066.7	676916.4
	2112069.9	676917.8
	2112069.6	676916.0
	2112064.0	676915.4
	2112061.1	676914.8
END		
134	2112065.4	676914.2
	2112061.5	676911.6
	2112061.1	676914.8
	2112064.0	676915.4
	2112069.6	676916.0
	2112069.8	676912.6
	2112061.5	676911.6
END		
135	2112078.9	676919.1
	2112069.7	676916.6
	2112069.9	676917.8
	2112072.6	676918.0
	2112075.3	676919.0
	2112079.8	676920.4
	2112080.4	676920.6
	2112082.3	676920.8
	2112082.4	676919.2
	2112075.7	676917.2
	2112069.7	676916.6
END		
136	2112079.6	676917.7
	2112069.6	676915.3
	2112069.6	676916.0
	2112069.7	676916.6
	2112075.7	676917.2
	2112082.4	676919.2
	2112082.5	676917.8
	2112076.7	676916.1
	2112069.6	676915.3
END		
137	2112076.2	676914.7
	2112069.8	676912.6
	2112069.6	676915.3
	2112076.7	676916.1
	2112082.5	676917.8
	2112082.8	676913.5
	2112069.8	676912.6
END		
138	2112065.6	676910.0
	2112061.5	676908.3
	2112061.5	676911.6
	2112069.8	676912.6
	2112069.8	676908.5
	2112061.5	676908.3
END		
139	2112076.4	676910.5
	2112069.8	676908.5
	2112069.8	676912.6
	2112082.8	676913.5
	2112083.0	676908.9
	2112069.8	676908.5
END		
140	2112065.6	676907.0
	2112061.6	676906.3
	2112061.5	676908.3
	2112069.8	676908.5
	2112069.6	676906.1
	2112061.6	676906.3
END		
141	2112063.6	676905.1
	2112069.6	676906.1
	2112069.5	676904.8
	2112065.7	676905.4
	2112062.8	676904.3
	2112061.6	676906.3
	2112069.6	676906.1
END		
142	2112075.6	676907.8
	2112069.6	676906.1
	2112069.8	676908.5
	2112083.0	676908.9
	2112081.0	676907.5
	2112077.3	676907.3
	2112069.6	676906.1
END		
143	2112076.6	676906.4
	2112069.5	676904.8
	2112069.6	676906.1
	2112077.3	676907.3
	2112081.0	676907.5
	2112081.2	676906.4
	2112080.4	676906.0
	2112077.4	676905.4
	2112075.0	676905.5
	2112072.4	676904.9
	2112069.5	676904.8
END		
144	2112054.3	676895.5
	2112053.0	676895.2
	2112054.5	676896.6
	2112055.5	676896.2
	2112055.2	676895.1
	2112055.6	676894.4
	2112055.8	676894.2
	2112055.3	676893.8
	2112055.1	676893.9
	2112053.0	676895.2
END		
145	2112056.2	676895.4
	2112055.2	676895.1
	2112055.5	676896.2
	2112056.8	676896.3
	2112057.2	676896.0
	2112057.3	676895.9
	2112057.1	676895.6
	2112057.1	676894.9
	2112056.8	676894.6
	2112055.8	676894.2
	2112055.6	676894.4
	2112055.2	676895.1
END		
146	2112056.7	676897.1
	2112054.1	676897.6
	2112059.1	676897.9
	2112059.5	676897.3
	2112059.1	676897.1
	2112058.9	676896.8
	2112058.9	676896.4
	2112058.6	676896.5
	2112057.6	676896.2
	2112057.5	676896.0
	2112057.4	676896.0
	2112057.3	676895.9
	2112057.2	676896.0
	2112056.8	676896.3
	2112055.5	676896.2
	2112054.5	676896.6
	2112054.1	676897.6
END		
147	2112056.6	676898.5
	2112059.1	676897.9
	2112054.1	676897.6
	2112053.9	676899.0
	2112059.5	676899.8
	2112059.1	676897.9
END		
148	2112054.7	676900.0
	2112058.0	676903.2
	2112055.9	676900.4
	2112055.6	676899.3
	2112053.9	676899.0
	2112053.6	676900.6
	2112056.9	676903.7
	2112058.0	676903.2
END		
149	2112057.9	676900.8
	2112059.5	676899.8
	2112055.6	676899.3
	2112055.9	676900.4
	2112058.0	676903.2
	2112059.6	676901.4
	2112059.5	676899.8
END		
150	2112061.4	676901.2
	2112059.1	676897.9
	2112059.5	676899.8
	2112059.6	676901.4
	2112058.0	676903.2
	2112059.4	676903.5
	2112062.3	676902.9
	2112063.1	676901.2
	2112062.1	676897.9
	2112060.5	676897.8
	2112059.1	676897.9
END		
151	2112061.2	676897.2
	2112059.1	676897.9
	2112060.5	676897.8
	2112062.1	676897.9
	2112062.2	676898.2
	2112063.0	676898.1
	2112062.4	676896.9
	2112062.4	676896.8
	2112061.0	676896.6
	2112060.1	676896.5
	2112060.1	676896.6
	2112060.1	676896.7
	2112060.2	676896.8
	2112060.1	676897.0
	2112060.1	676897.1
	2112059.8	676897.2
	2112059.5	676897.3
	2112059.1	676897.9
END		
152	2112064.7	676900.3
	2112062.2	676898.2
	2112062.4	676898.9
	2112063.1	676901.2
	2112062.3	676902.9
	2112066.2	676903.6
	2112066.7	676899.0
	2112065.2	676898.4
	2112063.0	676898.1
	2112062.2	676898.2
END		
153	2112071.3	676902.3
	2112076.2	676904.2
	2112076.4	676903.4
	2112076.4	676902.4
	2112074.5	676901.6
	2112073.8	676900.9
	2112072.4	676899.6
	2112071.6	676898.6
	2112070.7	676898.0
	2112069.9	676898.0
	2112069.2	676898.0
	2112068.1	676897.5
	2112067.2	676898.3
	2112066.8	676898.2
	2112066.7	676899.0
	2112066.2	676903.6
	2112065.7	676905.4
	2112069.5	676904.8
	2112072.4	676904.9
	2112075.0	676905.5
	2112076.2	676904.2
END		
154	2112063.6	676903.9
	2112062.3	676902.9
	2112059.4	676903.5
	2112062.8	676904.3
	2112065.7	676905.4
	2112066.2	676903.6
	2112062.3	676902.9
END		
155	2112089.7	676906.2
	2112099.0	676906.6
	2112097.8	676905.5
	2112098.0	676905.4
	2112093.8	676905.0
	2112089.9	676904.3
	2112087.9	676903.6
	2112087.3	676903.6
	2112085.0	676903.1
	2112079.0	676903.0
	2112076.4	676902.4
	2112076.4	676903.4
	2112076.2	676904.2
	2112075.0	676905.5
	2112077.4	676905.4
	2112080.4	676906.0
	2112081.2	676906.4
	2112085.8	676907.6
	2112087.3	676908.4
	2112088.6	676908.7
	2112089.8	676908.5
	2112091.9	676908.8
	2112094.2	676908.7
	2112097.6	676908.7
	2112099.0	676907.2
	2112099.0	676906.6
END		
156	2112100.8	676908.6
	2112099.0	676907.2
	2112097.6	676908.7
	2112099.7	676909.5
	2112102.1	676910.2
	2112106.1	676910.4
	2112107.9	676910.7
	2112108.1	676909.6
	2112102.7	676908.3
	2112100.9	676907.4
	2112099.0	676907.2
END		
157	2112083.7	676908.0
	2112085.8	676907.6
	2112081.2	676906.4
	2112081.0	676907.5
	2112083.0	676908.9
	2112085.4	676909.0
	2112085.8	676907.6
END		
158	2112090.3	676909.3
	2112094.2	676908.7
	2112091.9	676908.8
	2112089.8	676908.5
	2112088.6	676908.7
	2112087.3	676908.4
	2112085.8	676907.6
	2112085.4	676909.0
	2112090.1	676910.2
	2112094.0	676910.4
	2112094.2	676908.7
END		
159	2112098.3	676910.2
	2112107.9	676910.7
	2112106.1	676910.4
	2112102.1	676910.2
	2112099.7	676909.5
	2112097.6	676908.7
	2112094.2	676908.7
	2112094.0	676910.4
	2112094.2	676911.4
	2112104.5	676911.8
	2112106.8	676912.4
	2112107.9	676910.7
END		
160	2112088.5	676911.7
	2112094.2	676911.4
	2112094.0	676910.4
	2112090.1	676910.2
	2112085.4	676909.0
	2112083.0	676908.9
	2112082.8	676912.6
	2112093.9	676913.5
	2112094.2	676911.4
END		
161	2112088.3	676914.3
	2112093.9	676913.5
	2112082.8	676912.6
	2112082.8	676913.5
	2112082.7	676915.8
	2112093.6	676916.8
	2112093.9	676913.5
END		
162	2112088.0	676917.6
	2112093.6	676916.8
	2112082.7	676915.8
	2112082.5	676917.8
	2112082.4	676919.2
	2112092.9	676920.2
	2112093.6	676916.8
END		
163	2112087.6	676920.8
	2112092.9	676920.2
	2112082.4	676919.2
	2112082.3	676920.8
	2112084.6	676921.3
	2112088.9	676921.3
	2112092.2	676921.6
	2112092.9	676921.8
	2112092.9	676920.2
END		
164	2112098.0	676921.7
	2112092.9	676920.7
	2112092.9	676921.8
	2112096.1	676922.3
	2112098.9	676922.5
	2112103.0	676923.0
	2112107.0	676923.2
	2112107.1	676922.4
	2112102.8	676921.7
	2112092.9	676920.7
END		
165	2112096.2	676919.4
	2112093.3	676918.1
	2112092.9	676920.2
	2112092.9	676920.7
	2112099.8	676921.4
	2112099.8	676919.7
	2112097.4	676918.4
	2112093.3	676918.1
END		
166	2112096.8	676917.3
	2112093.7	676915.7
	2112093.6	676916.8
	2112093.3	676918.1
	2112097.4	676918.4
	2112100.0	676917.8
	2112100.0	676916.5
	2112093.7	676915.7
END		
167	2112103.6	676920.8
	2112099.8	676919.7
	2112099.8	676921.4
	2112102.8	676921.7
	2112107.1	676922.4
	2112107.7	676920.0
	2112106.8	676920.3
	2112103.1	676919.7
	2112099.8	676919.7
END		
168	2112104.3	676917.5
	2112100.0	676916.5
	2112100.0	676917.8
	2112102.7	676918.1
	2112108.3	676918.9
	2112108.7	676916.9
	2112100.0	676916.5
END		
169	2112102.8	676918.8
	2112107.7	676920.0
	2112108.3	676918.9
	2112102.7	676918.1
	2112100.0	676917.8
	2112097.4	676918.4
	2112099.8	676919.7
	2112103.1	676919.7
	2112106.8	676920.3
	2112107.7	676920.0
END		
170	2112101.5	676915.5
	2112093.9	676913.5
	2112093.7	676915.7
	2112100.0	676916.5
	2112108.7	676916.9
	2112109.7	676914.7
	2112093.9	676913.5
END		
171	2112108.1	676912.3
	2112107.9	676910.7
	2112106.8	676912.4
	2112109.7	676914.7
	2112111.0	676914.3
	2112107.9	676910.7
END		
172	2112100.6	676912.7
	2112106.8	676912.4
	2112104.5	676911.8
	2112094.2	676911.4
	2112093.9	676913.5
	2112109.7	676914.7
	2112106.8	676912.4
END		
173	2112108.5	676907.9
	2112099.0	676906.6
	2112099.0	676907.2
	2112100.9	676907.4
	2112102.7	676908.3
	2112108.1	676909.6
	2112114.8	676909.2
	2112115.1	676907.7
	2112115.4	676906.7
	2112114.2	676906.7
	2112113.7	676906.9
	2112111.6	676906.1
	2112108.5	676906.2
	2112104.7	676905.6
	2112104.2	676905.8
	2112102.2	676905.4
	2112100.8	676905.6
	2112099.6	676905.6
	2112098.0	676905.4
	2112097.8	676905.5
	2112099.0	676906.6
END		
174	2112119.8	676910.3
	2112130.8	676911.6
	2112128.4	676911.5
	2112125.6	676911.0
	2112123.7	676910.7
	2112123.3	676910.6
	2112122.0	676909.7
	2112121.4	676908.9
	2112121.2	676907.7
	2112118.8	676906.6
	2112118.2	676906.7
	2112116.6	676906.6
	2112116.2	676906.7
	2112115.4	676906.7
	2112115.1	676907.7
	2112115.0	676908.3
	2112114.8	676909.2
	2112117.4	676910.6
	2112119.3	676912.2
	2112123.3	676914.0
	2112126.5	676914.5
	2112131.3	676915.7
	2112134.2	676915.4
	2112133.8	676914.5
	2112133.4	676913.0
	2112132.2	676911.8
	2112130.8	676911.6
END		
175	2112113.5	676913.8
	2112109.6	676912.7
	2112111.0	676914.3
	2112111.7	676915.4
	2112114.1	676915.2
	2112117.2	676914.8
	2112115.6	676912.8
	2112109.6	676912.7
END		
176	2112112.6	676911.3
	2112107.9	676910.7
	2112109.6	676912.7
	2112115.6	676912.8
	2112117.4	676910.6
	2112114.8	676909.2
	2112108.1	676909.6
	2112107.9	676910.7
END		
177	2112118.5	676913.0
	2112115.6	676912.8
	2112117.2	676914.8
	2112121.1	676915.2
	2112124.9	676916.6
	2112128.1	676916.7
	2112130.2	676915.9
	2112131.3	676915.7
	2112127.4	676914.7
	2112126.5	676914.5
	2112123.3	676914.0
	2112119.3	676912.2
	2112117.4	676910.6
	2112116.5	676911.7
	2112115.6	676912.8
END		
178	2112137.8	676913.9
	2112133.4	676913.0
	2112133.8	676914.5
	2112134.2	676915.4
	2112142.0	676914.5
	2112142.1	676913.0
	2112143.1	676912.0
	2112140.2	676912.2
	2112137.8	676912.8
	2112135.1	676912.4
	2112132.2	676911.8
	2112133.4	676913.0
END		
179	2112147.8	676913.1
	2112142.1	676913.0
	2112142.0	676914.5
	2112155.0	676912.9
	2112155.0	676912.0
	2112156.1	676910.9
	2112152.2	676911.6
	2112149.5	676911.8
	2112144.0	676911.8
	2112143.1	676912.0
	2112142.1	676913.0
END		
180	2112158.4	676911.7
	2112155.0	676912.0
	2112155.0	676912.9
	2112161.5	676911.9
	2112161.4	676910.9
	2112161.4	676909.9
	2112159.4	676910.3
	2112156.1	676910.9
	2112155.0	676912.0
END		
181	2112165.9	676910.0
	2112161.4	676910.9
	2112161.5	676911.9
	2112168.6	676911.2
	2112170.7	676909.8
	2112171.5	676908.8
	2112170.7	676907.6
	2112169.5	676907.1
	2112169.2	676907.1
	2112168.0	676908.2
	2112161.4	676909.9
	2112161.4	676910.9
END		
182	2112117.1	676915.6
	2112124.9	676916.6
	2112121.1	676915.2
	2112117.2	676914.8
	2112114.1	676915.2
	2112111.7	676915.4
	2112114.0	676916.5
	2112117.9	676916.9
	2112123.9	676916.9
	2112124.9	676916.6
END		
183	2112110.8	676915.8
	2112116.8	676916.8
	2112114.0	676916.5
	2112111.7	676915.4
	2112111.0	676914.3
	2112109.7	676914.7
	2112108.7	676916.9
	2112111.4	676917.4
	2112116.7	676917.9
	2112116.8	676916.8
END		
184	2112120.7	676917.5
	2112124.9	676916.6
	2112123.9	676916.9
	2112117.9	676916.9
	2112116.8	676916.8
	2112116.7	676917.9
	2112124.7	676918.1
	2112124.9	676916.6
END		
185	2112112.5	676918.5
	2112116.7	676917.9
	2112111.4	676917.4
	2112108.7	676916.9
	2112108.3	676918.9
	2112108.0	676919.4
	2112116.1	676920.8
	2112116.7	676917.9
END		
186	2112120.2	676919.3
	2112124.7	676918.1
	2112116.7	676917.9
	2112116.1	676920.8
	2112122.7	676921.3
	2112124.7	676918.1
END		
187	2112111.5	676922.3
	2112116.1	676920.8
	2112108.0	676919.4
	2112107.7	676920.0
	2112107.1	676922.4
	2112107.0	676923.2
	2112108.1	676923.3
	2112112.4	676924.3
	2112113.5	676923.4
	2112115.7	676923.3
	2112116.1	676920.8
END		
188	2112119.2	676922.2
	2112122.7	676921.3
	2112116.1	676920.8
	2112115.7	676923.3
	2112122.2	676924.2
	2112122.7	676921.3
END		
189	2112117.3	676924.2
	2112122.2	676924.2
	2112115.7	676923.3
	2112113.5	676923.4
	2112112.4	676924.3
	2112112.8	676924.9
	2112122.2	676924.9
	2112122.2	676924.2
END		
190	2112135.7	676924.1
	2112132.8	676925.5
	2112137.8	676925.7
	2112143.8	676925.6
	2112144.5	676925.6
	2112143.8	676925.4
	2112141.1	676924.6
	2112138.8	676924.4
	2112136.2	676922.8
	2112133.3	676921.8
	2112132.8	676925.5
END		
191	2112127.8	676923.0
	2112133.3	676921.8
	2112122.7	676921.3
	2112122.2	676924.2
	2112122.2	676924.7
	2112124.8	676924.7
	2112127.7	676925.2
	2112132.8	676925.5
	2112133.3	676921.8
END		
192	2112129.2	676919.6
	2112124.7	676918.1
	2112122.7	676921.3
	2112133.3	676921.8
	2112135.5	676918.2
	2112124.7	676918.1
END		
193	2112131.1	676916.7
	2112131.0	676915.8
	2112130.2	676915.9
	2112128.1	676916.7
	2112124.9	676916.6
	2112124.7	676918.1
	2112135.5	676918.2
	2112140.3	676917.2
	2112135.1	676916.9
	2112132.5	676916.4
	2112131.0	676915.8
END		
194	2112143.4	676915.0
	2112150.5	676913.5
	2112142.0	676914.5
	2112135.3	676915.2
	2112137.0	676915.7
	2112148.7	676916.0
	2112150.5	676913.5
END		
195	2112139.3	676916.4
	2112148.7	676916.0
	2112137.0	676915.7
	2112135.3	676915.2
	2112134.2	676915.4
	2112131.0	676915.8
	2112132.5	676916.4
	2112135.1	676916.9
	2112140.3	676917.2
	2112148.7	676916.0
END		
196	2112152.9	676914.1
	2112155.6	676912.8
	2112155.0	676912.9
	2112150.5	676913.5
	2112148.7	676916.0
	2112155.7	676915.3
	2112155.6	676912.8
END		
197	2112141.2	676924.0
	2112136.8	676923.1
	2112138.8	676924.4
	2112141.1	676924.6
	2112143.8	676925.4
	2112144.2	676924.0
	2112143.8	676923.1
	2112136.8	676923.1
END		
198	2112138.5	676921.9
	2112143.8	676923.1
	2112143.1	676921.5
	2112144.7	676920.4
	2112134.3	676920.1
	2112133.3	676921.8
	2112136.2	676922.8
	2112136.8	676923.1
	2112143.8	676923.1
END		
199	2112140.9	676919.2
	2112139.4	676917.4
	2112135.5	676918.2
	2112134.3	676920.1
	2112144.7	676920.4
	2112147.8	676919.5
	2112143.7	676918.1
	2112140.7	676918.0
	2112139.4	676917.4
END		
200	2112151.3	676916.3
	2112155.7	676915.3
	2112148.7	676916.0
	2112144.0	676916.7
	2112155.5	676916.9
	2112155.7	676915.3
END		
201	2112147.6	676917.3
	2112155.5	676916.9
	2112144.0	676916.7
	2112140.3	676917.2
	2112139.4	676917.4
	2112140.7	676918.0
	2112143.7	676918.1
	2112155.5	676918.3
	2112155.5	676916.9
END		
202	2112149.3	676918.6
	2112155.5	676918.3
	2112143.7	676918.1
	2112147.8	676919.5
	2112155.5	676918.3
END		
203	2112160.0	676915.4
	2112155.7	676915.3
	2112155.6	676916.1
	2112164.3	676916.0
	2112164.3	676914.3
	2112155.7	676915.3
END		
204	2112159.9	676916.9
	2112164.3	676916.0
	2112155.6	676916.1
	2112155.5	676916.9
	2112155.5	676918.3
	2112164.2	676917.9
	2112164.3	676916.0
END		
205	2112169.4	676916.7
	2112164.3	676915.8
	2112164.3	676916.0
	2112164.2	676917.9
	2112174.4	676918.1
	2112174.7	676914.7
	2112164.3	676915.8
END		
206	2112169.5	676914.4
	2112174.7	676914.7
	2112175.0	676912.3
	2112170.7	676913.5
	2112164.3	676914.3
	2112164.3	676915.8
	2112174.7	676914.7
END		
207	2112177.4	676916.3
	2112174.7	676915.0
	2112174.4	676918.1
	2112179.9	676918.7
	2112180.4	676914.7
	2112174.7	676915.0
END		
208	2112177.8	676913.2
	2112180.4	676914.7
	2112181.0	676910.5
	2112175.0	676912.3
	2112174.7	676914.7
	2112174.7	676915.0
	2112180.4	676914.7
END		
209	2112161.1	676913.0
	2112166.6	676914.0
	2112166.2	676911.5
	2112161.5	676911.9
	2112155.6	676912.8
	2112155.7	676915.3
	2112164.3	676914.3
	2112166.6	676914.0
END		
210	2112170.6	676912.3
	2112175.0	676912.3
	2112172.3	676910.4
	2112170.7	676909.8
	2112168.6	676911.2
	2112166.2	676911.5
	2112166.6	676914.0
	2112170.7	676913.5
	2112175.0	676912.3
END		
211	2112147.1	676921.2
	2112147.8	676919.5
	2112144.7	676920.4
	2112143.1	676921.5
	2112143.4	676922.2
	2112151.0	676922.3
	2112150.6	676921.1
	2112147.8	676919.5
END		
212	2112147.4	676923.3
	2112151.0	676922.3
	2112143.4	676922.2
	2112143.8	676923.1
	2112144.2	676924.0
	2112151.0	676925.0
	2112151.0	676922.3
END		
213	2112154.3	676922.1
	2112150.6	676921.1
	2112151.0	676922.3
	2112151.0	676923.6
	2112157.6	676923.5
	2112157.7	676921.1
	2112150.6	676921.1
END		
214	2112153.4	676920.1
	2112153.6	676918.6
	2112147.8	676919.5
	2112150.6	676921.1
	2112157.7	676921.1
	2112157.8	676919.2
	2112154.1	676919.0
	2112153.6	676918.6
END		
215	2112155.7	676918.6
	2112157.9	676918.2
	2112155.5	676918.3
	2112153.6	676918.6
	2112154.1	676919.0
	2112157.8	676919.2
	2112157.9	676918.2
END		
216	2112162.7	676919.4
	2112167.5	676918.0
	2112164.2	676917.9
	2112157.9	676918.2
	2112157.8	676919.2
	2112157.7	676920.3
	2112167.5	676920.3
	2112167.5	676918.0
END		
217	2112162.6	676921.3
	2112167.5	676920.3
	2112157.7	676920.3
	2112157.7	676921.1
	2112157.6	676922.9
	2112167.4	676922.7
	2112167.5	676920.3
END		
218	2112162.5	676923.6
	2112167.4	676922.7
	2112157.6	676922.9
	2112157.6	676923.5
	2112157.5	676925.0
	2112158.4	676924.8
	2112167.4	676924.8
	2112167.4	676922.7
END		
219	2112170.6	676923.5
	2112167.4	676922.7
	2112167.4	676924.8
	2112169.6	676924.7
	2112173.7	676923.6
	2112174.9	676922.7
	2112167.4	676922.7
END		
220	2112171.5	676921.8
	2112167.5	676920.3
	2112167.4	676922.7
	2112174.9	676922.7
	2112175.6	676921.7
	2112177.3	676920.6
	2112167.5	676920.3
END		
221	2112173.5	676919.0
	2112179.9	676918.7
	2112174.4	676918.1
	2112167.5	676918.0
	2112167.5	676920.3
	2112177.3	676920.6
	2112179.9	676918.7
END		
222	2112147.5	676925.1
	2112151.0	676925.0
	2112144.2	676924.0
	2112143.8	676925.4
	2112144.5	676925.6
	2112145.3	676925.8
	2112146.3	676925.8
	2112150.9	676925.8
	2112151.0	676925.0
END		
223	2112154.3	676924.1
	2112151.0	676923.6
	2112151.0	676924.8
	2112157.2	676924.8
	2112157.5	676925.0
	2112157.6	676923.5
	2112151.0	676923.6
END		
224	2112154.2	676925.2
	2112157.5	676925.0
	2112157.2	676924.8
	2112151.0	676924.8
	2112151.0	676925.0
	2112150.9	676925.5
	2112157.4	676925.4
	2112157.5	676925.0
END		
225	2112152.2	676925.8
	2112153.6	676926.0
	2112153.6	676925.5
	2112150.9	676925.5
	2112150.9	676925.8
	2112150.9	676926.0
	2112153.6	676926.0
END		
226	2112155.5	676925.8
	2112153.6	676925.5
	2112153.6	676926.0
	2112157.4	676925.9
	2112157.4	676925.4
	2112153.6	676925.5
END		
227	2112159.6	676925.3
	2112161.7	676924.8
	2112158.4	676924.8
	2112157.5	676925.0
	2112157.4	676925.4
	2112157.4	676925.6
	2112161.7	676925.6
	2112161.7	676924.8
END		
228	2112163.9	676925.1
	2112166.2	676924.8
	2112161.7	676924.8
	2112161.7	676925.6
	2112165.7	676925.7
	2112166.2	676924.8
END		
229	2112162.1	676925.8
	2112166.8	676926.0
	2112166.8	676925.7
	2112165.7	676925.7
	2112164.1	676925.7
	2112161.7	676925.6
	2112160.4	676925.6
	2112157.4	676925.6
	2112157.4	676925.9
	2112160.4	676926.0
	2112161.4	676926.0
	2112162.5	676926.0
	2112163.6	676926.0
	2112164.1	676926.0
	2112164.7	676926.0
	2112165.7	676926.0
	2112166.8	676926.0
END		
230	2112169.2	676925.9
	2112171.1	676926.0
	2112171.5	676926.0
	2112171.8	676925.7
	2112166.8	676925.7
	2112166.8	676926.0
	2112171.1	676926.0
END		
231	2112169.9	676925.3
	2112173.8	676925.4
	2112173.7	676923.6
	2112169.6	676924.7
	2112167.4	676924.8
	2112166.2	676924.8
	2112165.7	676925.7
	2112166.8	676925.7
	2112171.8	676925.7
	2112173.8	676925.4
END		
232	2112179.7	676923.9
	2112173.8	676925.4
	2112174.4	676924.9
	2112180.8	676924.9
	2112181.5	676924.6
	2112182.7	676923.0
	2112181.6	676922.9
	2112179.1	676923.3
	2112174.7	676924.6
	2112173.8	676924.6
	2112173.8	676925.4
END		
233	2112187.4	676923.7
	2112192.6	676922.5
	2112188.5	676922.8
	2112184.5	676923.2
	2112182.7	676923.0
	2112181.5	676924.6
	2112184.8	676924.4
	2112192.6	676924.0
	2112192.6	676923.8
	2112192.6	676922.7
	2112192.6	676922.5
END		
234	2112177.9	676922.3
	2112180.6	676923.1
	2112179.9	676918.7
	2112177.3	676920.6
	2112175.6	676921.7
	2112174.9	676922.7
	2112173.7	676923.6
	2112173.8	676924.6
	2112174.7	676924.6
	2112179.1	676923.3
	2112180.6	676923.1
END		
235	2112184.2	676921.4
	2112188.1	676922.8
	2112188.1	676918.9
	2112179.9	676918.7
	2112180.6	676923.1
	2112181.6	676922.9
	2112182.7	676923.0
	2112184.5	676923.2
	2112188.1	676922.8
END		
236	2112190.4	676920.4
	2112192.6	676918.8
	2112188.1	676918.9
	2112188.1	676922.8
	2112188.5	676922.8
	2112192.6	676922.5
	2112192.6	676921.7
	2112192.6	676920.6
	2112192.6	676919.5
	2112192.6	676918.8
END		
237	2112186.4	676917.2
	2112192.6	676914.6
	2112180.4	676914.7
	2112179.9	676918.7
	2112188.1	676918.9
	2112192.6	676918.8
	2112192.6	676918.4
	2112192.6	676917.3
	2112192.6	676916.3
	2112192.6	676915.2
	2112192.6	676914.6
END		
238	2112186.6	676913.4
	2112192.6	676911.4
	2112180.8	676911.7
	2112180.4	676914.7
	2112192.6	676914.6
	2112192.6	676914.1
	2112192.6	676913.0
	2112192.6	676912.0
	2112192.6	676911.4
END		
239	2112187.8	676910.0
	2112181.0	676910.5
	2112180.8	676911.7
	2112192.6	676911.4
	2112192.6	676910.9
	2112192.6	676909.8
	2112192.6	676907.4
	2112191.6	676907.5
	2112181.0	676910.5
END		
240	2112170.7	676906.4
	2112169.5	676907.1
	2112170.7	676907.6
	2112171.5	676908.8
	2112172.6	676905.5
	2112171.8	676904.8
	2112169.6	676904.9
	2112169.0	676905.1
	2112169.2	676907.1
	2112169.5	676907.1
END		
241	2112172.9	676907.5
	2112172.6	676905.5
	2112171.5	676908.8
	2112172.8	676908.8
	2112174.0	676907.2
	2112178.5	676907.2
	2112179.4	676905.9
	2112176.0	676905.5
	2112172.6	676905.5
END		
242	2112175.6	676908.7
	2112178.5	676907.2
	2112174.0	676907.2
	2112172.8	676908.8
	2112171.5	676908.8
	2112170.7	676909.8
	2112172.3	676910.4
	2112173.0	676910.9
	2112178.4	676908.8
	2112178.5	676907.2
END		
243	2112183.1	676908.7
	2112181.0	676910.5
	2112191.6	676907.5
	2112192.6	676907.4
	2112192.5	676906.5
	2112191.6	676906.4
	2112188.9	676906.3
	2112184.5	676907.0
	2112178.4	676908.8
	2112173.0	676910.9
	2112175.0	676912.3
	2112181.0	676910.5
END		
244	2112181.4	676907.1
	2112178.5	676907.2
	2112178.4	676908.8
	2112184.5	676907.0
	2112185.7	676906.8
	2112185.5	676906.1
	2112182.2	676906.3
	2112179.4	676905.9
	2112179.3	676906.1
	2112178.5	676907.2
END		
245	2112187.2	676906.3
	2112188.9	676906.3
	2112188.4	676906.0
	2112185.5	676906.1
	2112185.7	676906.8
	2112188.9	676906.3
END		
246	2112190.5	676905.9
	2112188.6	676905.1
	2112188.6	676905.5
	2112188.4	676906.0
	2112188.9	676906.3
	2112191.6	676906.4
	2112192.5	676906.5
	2112192.5	676905.5
	2112191.6	676905.5
	2112188.6	676905.1
END		
247	2111988.3	676909.1
	2111986.1	676908.7
	2111985.9	676909.2
	2111986.7	676909.6
	2111990.8	676909.3
	2111990.8	676909.3
	2111990.3	676908.7
	2111986.2	676908.7
	2111986.1	676908.7
END		
248	2111962.8	676905.9
	2111962.9	676904.9
	2111962.1	676905.4
	2111962.0	676906.6
	2111962.3	676906.7
	2111964.5	676905.2
	2111965.2	676905.2
	2111966.1	676905.4
	2111968.8	676905.7
	2111968.9	676905.0
	2111965.4	676904.6
	2111962.9	676904.9
END		
249	2111966.4	676904.2
	2111969.0	676904.0
	2111965.7	676903.8
	2111964.3	676903.9
	2111962.9	676904.9
	2111965.4	676904.6
	2111968.9	676905.0
	2111969.0	676904.0
END		
250	2111972.2	676905.2
	2111977.5	676905.5
	2111974.7	676905.1
	2111972.1	676904.5
	2111969.0	676904.0
	2111968.9	676905.0
	2111968.8	676905.7
	2111971.6	676906.1
	2111972.4	676906.4
	2111973.2	676906.3
	2111975.2	676906.6
	2111976.8	676907.0
	2111977.6	676906.4
	2111977.5	676905.5
END		
251	2111979.6	676906.9
	2111980.5	676907.2
	2111979.8	676906.4
	2111979.5	676906.3
	2111979.0	676906.1
	2111978.4	676905.5
	2111977.5	676905.5
	2111977.6	676906.4
	2111978.3	676906.2
	2111979.7	676907.9
	2111980.5	676907.2
END		
252	2111981.1	676908.2
	2111982.5	676908.1
	2111982.0	676908.0
	2111981.7	676907.7
	2111981.0	676907.7
	2111980.5	676907.2
	2111979.7	676907.9
	2111980.2	676908.8
	2111981.2	676908.6
	2111982.3	676908.8
	2111982.5	676908.1
END		
253	2111983.4	676908.8
	2111985.3	676909.4
	2111986.6	676909.9
	2111988.1	676909.7
	2111990.9	676909.9
	2111990.8	676909.3
	2111986.7	676909.6
	2111985.5	676909.0
	2111984.1	676908.7
	2111983.0	676908.3
	2111982.5	676908.1
	2111982.3	676908.8
	2111983.7	676909.2
	2111985.3	676909.4
END		
254	2111993.3	676909.2
	2111996.4	676908.8
	2111992.4	676908.7
	2111990.8	676909.3
	2111990.9	676909.9
	2111993.8	676909.8
	2111994.0	676909.2
	2111996.5	676909.2
	2111996.4	676908.8
END		
255	2112003.5	676909.1
	2111996.5	676909.2
	2111997.1	676909.1
	2111997.3	676909.2
	2111998.8	676909.7
	2111998.8	676909.4
	2112000.5	676909.4
	2112008.1	676909.6
	2112009.2	676909.7
	2112009.9	676910.2
	2112014.0	676910.4
	2112014.1	676909.2
	2112010.8	676909.1
	2112007.8	676908.6
	2112002.3	676908.2
	2112000.7	676908.2
	2111999.9	676908.1
	2111996.4	676908.8
	2111996.5	676909.2
END		
256	2112018.6	676910.1
	2112023.3	676909.5
	2112014.1	676909.2
	2112014.0	676910.4
	2112023.2	676910.7
	2112023.3	676909.5
END		
257	2112009.3	676910.5
	2112014.0	676910.4
	2112009.9	676910.2
	2112009.2	676909.7
	2112008.1	676909.6
	2112000.5	676909.4
	2112004.3	676910.5
	2112006.6	676911.0
	2112008.8	676911.4
	2112013.0	676911.8
	2112014.1	676912.1
	2112014.0	676910.4
END		
258	2112018.6	676911.2
	2112023.2	676910.7
	2112014.0	676910.4
	2112014.1	676911.6
	2112023.0	676911.7
	2112023.2	676910.7
END		
259	2112018.8	676912.4
	2112023.0	676911.7
	2112014.1	676911.6
	2112014.1	676912.1
	2112016.2	676912.7
	2112020.4	676913.0
	2112022.1	676913.6
	2112023.0	676911.7
END		
260	2112024.8	676913.0
	2112023.0	676911.7
	2112022.1	676913.6
	2112022.4	676913.8
	2112025.1	676914.1
	2112027.1	676914.9
	2112028.0	676914.1
	2112026.2	676911.8
	2112023.0	676911.7
END		
261	2112026.4	676910.9
	2112027.1	676912.9
	2112031.9	676913.1
	2112030.6	676911.7
	2112030.1	676911.1
	2112027.8	676909.8
	2112025.0	676909.6
	2112023.3	676909.5
	2112023.2	676910.7
	2112023.0	676911.7
	2112026.2	676911.8
	2112027.1	676912.9
END		
262	2112030.8	676913.9
	2112028.0	676914.1
	2112030.5	676914.5
	2112032.9	676914.5
	2112034.5	676914.6
	2112033.7	676913.8
	2112031.9	676913.1
	2112027.1	676912.9
	2112028.0	676914.1
END		
263	2112036.2	676915.9
	2112037.6	676915.2
	2112037.3	676914.7
	2112034.5	676914.6
	2112032.9	676914.5
	2112030.5	676914.5
	2112028.0	676914.1
	2112027.1	676914.9
	2112029.0	676915.4
	2112029.9	676915.3
	2112033.7	676915.7
	2112035.3	676916.3
	2112039.5	676917.0
	2112037.6	676915.2
END		
264	2112044.2	676916.1
	2112049.8	676916.0
	2112047.2	676915.4
	2112042.3	676915.2
	2112037.6	676915.2
	2112039.5	676917.0
	2112042.3	676917.4
	2112043.0	676916.9
	2112049.8	676916.9
	2112049.8	676916.0
END		
265	2112044.8	676917.3
	2112047.0	676916.9
	2112043.0	676916.9
	2112042.3	676917.4
	2112042.9	676917.6
	2112047.0	676917.8
	2112047.0	676916.9
END		
266	2112051.7	676917.8
	2112049.8	676916.9
	2112047.0	676916.9
	2112047.0	676917.8
	2112051.8	676918.5
	2112055.2	676918.5
	2112056.0	676918.7
	2112058.5	676919.1
	2112061.6	676919.2
	2112061.7	676918.3
	2112056.3	676918.0
	2112055.5	676917.2
	2112049.8	676916.9
END		
267	2112054.4	676916.4
	2112056.6	676916.3
	2112055.4	676915.9
	2112054.4	676915.8
	2112053.5	676916.3
	2112051.0	676916.4
	2112049.8	676916.0
	2112049.8	676916.9
	2112055.5	676917.2
	2112056.6	676916.3
END		
268	2112062.6	676917.6
	2112069.9	676917.8
	2112066.7	676916.4
	2112063.2	676916.6
	2112062.3	676917.0
	2112060.8	676916.7
	2112057.7	676916.7
	2112056.6	676916.3
	2112055.5	676917.2
	2112056.3	676918.0
	2112061.7	676918.3
	2112068.3	676918.4
	2112069.9	676917.8
END		
269	2112072.7	676920.2
	2112069.0	676918.1
	2112068.3	676918.4
	2112061.7	676918.3
	2112061.6	676919.2
	2112062.7	676919.3
	2112065.0	676919.6
	2112068.4	676919.8
	2112070.3	676920.5
	2112071.7	676920.6
	2112072.3	676920.9
	2112076.3	676921.5
	2112077.1	676920.5
	2112073.4	676919.2
	2112069.0	676918.1
END		
270	2112071.6	676918.3
	2112079.8	676920.4
	2112075.3	676919.0
	2112072.6	676918.0
	2112069.9	676917.8
	2112069.0	676918.1
	2112073.4	676919.2
	2112077.1	676920.5
	2112079.8	676920.4
END		
271	2112079.4	676921.3
	2112082.3	676920.8
	2112080.4	676920.6
	2112079.8	676920.4
	2112077.1	676920.5
	2112076.3	676921.5
	2112078.6	676922.0
	2112081.9	676922.6
	2112082.3	676920.8
END		
272	2112086.2	676922.3
	2112087.2	676921.3
	2112084.6	676921.3
	2112082.3	676920.8
	2112081.9	676922.6
	2112084.7	676922.9
	2112089.8	676923.0
	2112092.9	676923.2
	2112093.0	676922.5
	2112087.7	676922.0
	2112087.2	676921.3
END		
273	2112090.1	676921.7
	2112103.0	676923.0
	2112098.9	676922.5
	2112096.1	676922.3
	2112092.9	676921.8
	2112092.2	676921.6
	2112088.9	676921.3
	2112087.8	676921.3
	2112087.2	676921.3
	2112087.7	676922.0
	2112093.0	676922.5
	2112096.5	676923.2
	2112102.3	676923.5
	2112103.0	676923.0
END		
274	2112099.3	676923.9
	2112102.3	676923.5
	2112096.5	676923.2
	2112093.0	676922.5
	2112092.9	676923.2
	2112096.3	676923.8
	2112099.8	676924.6
	2112101.8	676924.8
	2112102.3	676923.5
END		
275	2112106.4	676923.9
	2112112.8	676924.9
	2112112.4	676924.3
	2112108.1	676923.3
	2112107.0	676923.2
	2112103.0	676923.0
	2112102.3	676923.5
	2112102.1	676924.1
	2112112.6	676925.2
	2112112.8	676924.9
END		
276	2112111.5	676925.4
	2112112.6	676925.2
	2112102.1	676924.1
	2112101.8	676924.8
	2112107.3	676925.0
	2112109.2	676925.2
	2112112.2	676925.7
	2112112.6	676925.2
END		
277	2112118.8	676925.2
	2112122.2	676925.7
	2112123.7	676925.8
	2112124.3	676925.7
	2112125.3	676925.1
	2112124.8	676924.7
	2112122.2	676924.7
	2112122.2	676924.9
	2112120.6	676924.9
	2112115.3	676924.9
	2112112.8	676924.9
	2112112.6	676925.2
	2112112.2	676925.7
	2112113.1	676926.1
	2112117.5	676925.8
	2112118.8	676925.9
	2112122.2	676925.7
END		
278	2112125.7	676925.6
	2112124.3	676925.7
	2112131.6	676927.6
	2112131.6	676927.0
	2112125.3	676925.1
	2112124.3	676925.7
END		
279	2112133.0	676927.2
	2112131.6	676927.0
	2112131.6	676927.6
	2112132.5	676927.5
	2112135.3	676927.1
	2112136.6	676927.1
	2112137.5	676927.0
	2112137.2	676927.0
	2112131.6	676927.0
END		
280	2112136.2	676926.1
	2112137.5	676927.0
	2112143.8	676926.7
	2112143.8	676925.6
	2112137.8	676925.7
	2112132.8	676925.5
	2112127.7	676925.2
	2112124.8	676924.7
	2112125.3	676925.1
	2112131.6	676927.0
	2112137.2	676927.0
	2112137.5	676927.0
END		
281	2112148.7	676926.3
	2112148.4	676926.7
	2112150.1	676926.7
	2112150.2	676926.8
	2112150.9	676926.8
	2112153.5	676926.5
	2112153.6	676926.0
	2112150.9	676926.0
	2112150.9	676925.8
	2112146.3	676925.8
	2112145.3	676925.8
	2112144.5	676925.6
	2112143.8	676925.6
	2112143.8	676926.7
	2112144.4	676926.8
	2112144.9	676926.8
	2112148.4	676926.7
END		
282	2112156.5	676926.3
	2112159.5	676926.0
	2112157.4	676925.9
	2112153.6	676926.0
	2112153.5	676926.5
	2112156.1	676926.4
	2112156.6	676926.7
	2112157.1	676926.6
	2112159.4	676926.5
	2112159.5	676926.0
END		
283	2112161.7	676926.2
	2112164.1	676926.0
	2112160.4	676926.0
	2112159.5	676926.0
	2112159.4	676926.5
	2112163.5	676926.3
	2112164.0	676926.3
	2112164.1	676926.0
END		
284	2112167.8	676926.3
	2112171.5	676926.0
	2112166.8	676926.0
	2112165.7	676926.0
	2112164.1	676926.0
	2112164.0	676926.3
	2112169.0	676926.8
	2112171.5	676926.4
	2112171.5	676926.0
END		
285	2112174.3	676925.5
	2112175.6	676924.9
	2112174.4	676924.9
	2112173.8	676925.4
	2112171.8	676925.7
	2112171.5	676926.0
	2112171.5	676926.4
	2112174.3	676925.9
	2112175.4	676925.9
	2112175.6	676924.9
END		
286	2112177.6	676925.3
	2112179.5	676924.9
	2112175.6	676924.9
	2112175.4	676925.9
	2112179.7	676925.6
	2112179.5	676924.9
END		
287	2112182.2	676925.2
	2112184.8	676924.4
	2112181.5	676924.6
	2112180.8	676924.9
	2112179.5	676924.9
	2112179.7	676925.6
	2112184.8	676925.4
	2112184.8	676924.4
END		
288	2112188.7	676924.6
	2112192.6	676925.1
	2112192.6	676924.0
	2112184.8	676924.4
	2112184.8	676925.4
	2112188.4	676925.2
	2112189.2	676925.1
	2112192.6	676925.1
END		
289	2111963.9	676906.0
	2111964.6	676906.0
	2111964.5	676905.2
	2111962.3	676906.7
	2111962.0	676906.6
	2111962.0	676907.2
	2111962.1	676907.3
	2111963.2	676906.9
	2111964.2	676906.3
	2111964.6	676906.0
END		
290	2111966.2	676905.6
	2111967.8	676905.6
	2111966.1	676905.4
	2111965.2	676905.2
	2111964.5	676905.2
	2111964.6	676906.0
	2111965.3	676906.1
	2111965.6	676906.1
	2111966.2	676906.1
	2111967.0	676906.3
	2111967.7	676906.3
	2111967.8	676905.6
END		
291	2111969.5	676906.3
	2111971.4	676906.0
	2111968.8	676905.7
	2111967.8	676905.6
	2111967.7	676906.3
	2111967.8	676906.3
	2111968.8	676906.5
	2111969.6	676906.6
	2111970.8	676906.7
	2111971.2	676906.8
	2111971.4	676906.0
END		
292	2111977.9	676906.9
	2111979.1	676907.2
	2111978.3	676906.2
	2111977.6	676906.4
	2111976.8	676907.0
	2111976.4	676906.9
	2111977.0	676907.4
	2111979.1	676907.2
END		
293	2111976.1	676907.4
	2111977.9	676908.0
	2111977.8	676907.3
	2111977.0	676907.4
	2111976.4	676906.9
	2111975.2	676906.6
	2111973.9	676906.4
	2111973.2	676906.3
	2111972.4	676906.4
	2111971.6	676906.1
	2111971.4	676906.0
	2111971.2	676906.8
	2111971.7	676906.8
	2111971.9	676906.9
	2111972.5	676907.0
	2111972.9	676907.0
	2111973.7	676907.2
	2111974.0	676907.3
	2111977.5	676908.4
	2111977.9	676908.0
END		
294	2111978.7	676907.7
	2111980.8	676909.5
	2111980.6	676908.7
	2111980.2	676908.8
	2111979.7	676907.9
	2111979.1	676907.2
	2111977.8	676907.3
	2111977.9	676908.0
	2111978.2	676908.3
	2111978.7	676908.4
	2111979.2	676908.7
	2111979.6	676909.3
	2111980.2	676909.5
	2111980.6	676909.5
	2111980.8	676909.5
END		
295	2111981.5	676909.0
	2111982.3	676908.8
	2111981.2	676908.6
	2111980.6	676908.7
	2111980.8	676909.5
	2111981.2	676909.4
	2111982.1	676909.6
	2111982.3	676908.8
END		
296	2111984.2	676909.7
	2111987.0	676909.9
	2111987.0	676909.8
	2111986.6	676909.9
	2111985.3	676909.4
	2111983.7	676909.2
	2111982.3	676908.8
	2111982.1	676909.6
	2111982.5	676909.7
	2111984.4	676909.9
	2111985.3	676910.0
	2111986.0	676910.2
	2111986.2	676910.3
	2111986.6	676910.2
	2111986.8	676910.2
	2111987.0	676909.9
END		
297	2111991.2	676910.2
	2111993.8	676909.8
	2111990.9	676909.9
	2111988.1	676909.7
	2111987.0	676909.8
	2111987.0	676909.9
	2111987.1	676909.9
	2111989.3	676910.3
	2111991.2	676910.6
	2111993.0	676910.9
	2111993.1	676910.9
	2111993.8	676909.8
END		
298	2111994.7	676910.5
	2111996.2	676910.7
	2111995.7	676910.0
	2111993.6	676910.1
	2111993.1	676910.9
	2111993.7	676911.2
	2111994.0	676911.0
	2111994.4	676911.0
	2111996.2	676910.7
END		
299	2111997.4	676909.9
	2111995.7	676910.0
	2111996.2	676910.7
	2111997.0	676910.3
	2111997.7	676910.3
	2111998.4	676910.5
	2111998.7	676910.9
	2111998.8	676909.7
	2111997.3	676909.2
	2111995.7	676910.0
END		
300	2111995.3	676909.5
	2111995.7	676910.0
	2111997.3	676909.2
	2111997.1	676909.1
	2111996.5	676909.2
	2111994.0	676909.2
	2111993.8	676909.8
	2111993.6	676910.1
	2111995.7	676910.0
END		
301	2112008.3	676912.0
	2112009.5	676911.5
	2112008.8	676911.4
	2112006.6	676911.0
	2112004.3	676910.5
	2112000.5	676909.4
	2111998.8	676909.4
	2111998.8	676909.7
	2112000.5	676909.8
	2112007.6	676912.1
	2112009.3	676912.6
	2112009.5	676911.5
END		
302	2112006.5	676912.3
	2112005.0	676911.3
	2112004.7	676912.3
	2112004.9	676912.4
	2112006.6	676912.9
	2112007.7	676913.4
	2112008.8	676913.8
	2112009.3	676912.6
	2112007.6	676912.1
	2112005.0	676911.3
END		
303	2112003.3	676911.2
	2112005.0	676911.3
	2112000.5	676909.8
	2111998.8	676909.7
	2111998.7	676910.9
	2111999.2	676911.0
	2111999.5	676911.1
	2112000.0	676911.2
	2112001.1	676911.0
	2112002.0	676911.4
	2112004.7	676912.3
	2112005.0	676911.3
END		
304	2112012.0	676912.6
	2112014.9	676912.4
	2112014.1	676912.1
	2112013.0	676911.8
	2112009.5	676911.5
	2112009.3	676912.6
	2112011.9	676913.1
	2112014.5	676913.4
	2112014.9	676912.4
END		
305	2112012.0	676914.0
	2112015.0	676914.9
	2112014.5	676913.4
	2112011.9	676913.1
	2112009.3	676912.6
	2112008.8	676913.8
	2112010.0	676914.3
	2112010.7	676914.5
	2112011.0	676914.6
	2112012.5	676914.8
	2112013.9	676914.9
	2112014.7	676914.9
	2112015.0	676914.9
END		
306	2112017.6	676914.7
	2112014.5	676913.4
	2112015.0	676914.9
	2112015.3	676914.8
	2112016.2	676914.8
	2112016.4	676914.8
	2112017.0	676915.0
	2112017.1	676915.0
	2112017.4	676915.5
	2112017.7	676915.5
	2112018.0	676915.7
	2112020.0	676916.0
	2112020.8	676916.1
	2112020.9	676916.2
	2112021.7	676916.3
	2112022.8	676916.5
	2112023.5	676916.8
	2112023.7	676916.8
	2112023.7	676915.9
	2112021.1	676915.0
	2112018.6	676914.1
	2112016.9	676913.5
	2112014.5	676913.4
END		
307	2112021.9	676914.5
	2112024.4	676914.0
	2112022.4	676913.8
	2112022.1	676913.6
	2112020.4	676913.0
	2112016.2	676912.7
	2112014.9	676912.4
	2112014.5	676913.4
	2112016.9	676913.5
	2112018.6	676914.1
	2112021.1	676915.0
	2112023.7	676915.9
	2112024.4	676914.0
END		
308	2112026.2	676915.2
	2112029.0	676915.4
	2112027.1	676914.9
	2112025.1	676914.1
	2112024.4	676914.0
	2112023.7	676915.9
	2112024.3	676916.1
	2112028.5	676915.6
	2112029.0	676915.4
END		
309	2112029.1	676915.9
	2112032.4	676916.4
	2112032.3	676915.6
	2112029.9	676915.3
	2112029.0	676915.4
	2112028.5	676915.6
	2112024.3	676916.1
	2112023.7	676915.9
	2112023.7	676916.8
	2112024.2	676916.7
	2112024.7	676916.7
	2112025.3	676916.6
	2112028.6	676916.3
	2112029.3	676916.3
	2112030.9	676916.2
	2112031.8	676916.4
	2112032.4	676916.4
END		
310	2112033.7	676916.2
	2112035.3	676916.3
	2112033.7	676915.7
	2112032.3	676915.6
	2112032.4	676916.4
	2112034.4	676916.5
	2112035.1	676917.0
	2112035.3	676916.3
END		
311	2112038.8	676917.3
	2112048.2	676918.7
	2112048.3	676918.0
	2112047.0	676917.8
	2112042.9	676917.6
	2112042.3	676917.4
	2112039.5	676917.0
	2112035.3	676916.3
	2112035.1	676917.0
	2112043.3	676918.3
	2112046.4	676918.6
	2112048.1	676918.7
	2112048.2	676918.7
END		
312	2112051.8	676918.9
	2112054.1	676918.5
	2112051.8	676918.5
	2112048.3	676918.0
	2112048.2	676918.7
	2112048.8	676918.7
	2112049.2	676918.9
	2112049.5	676918.9
	2112049.7	676919.0
	2112054.1	676919.5
	2112054.1	676918.5
END		
313	2112060.5	676919.8
	2112065.0	676919.6
	2112062.7	676919.3
	2112061.6	676919.2
	2112058.5	676919.1
	2112056.0	676918.7
	2112055.2	676918.5
	2112054.1	676918.5
	2112054.1	676919.5
	2112058.6	676920.1
	2112061.7	676920.4
	2112063.3	676920.5
	2112063.6	676920.4
	2112064.0	676920.5
	2112064.2	676920.5
	2112064.8	676920.7
	2112065.0	676919.6
END		
314	2112068.6	676921.1
	2112064.9	676920.0
	2112064.8	676920.7
	2112069.6	676921.7
	2112074.0	676922.6
	2112075.6	676922.8
	2112075.6	676922.3
	2112064.9	676920.0
END		
315	2112067.5	676920.2
	2112076.0	676921.5
	2112072.3	676920.9
	2112071.7	676920.6
	2112070.3	676920.5
	2112068.4	676919.8
	2112065.0	676919.6
	2112064.9	676920.0
	2112075.6	676922.3
	2112076.0	676921.5
END		
316	2112077.4	676922.1
	2112081.9	676922.6
	2112078.6	676922.0
	2112076.3	676921.5
	2112076.0	676921.5
	2112075.6	676922.3
	2112080.1	676922.9
	2112081.6	676923.1
	2112081.9	676922.6
END		
317	2112078.3	676922.9
	2112081.6	676923.1
	2112080.1	676922.9
	2112075.6	676922.3
	2112075.6	676922.8
	2112077.0	676923.0
	2112080.6	676923.4
	2112085.5	676923.9
	2112086.3	676924.0
	2112086.4	676923.4
	2112084.7	676923.5
	2112081.6	676923.1
END		
318	2112087.7	676923.8
	2112086.4	676923.4
	2112086.3	676924.0
	2112089.1	676924.2
	2112089.1	676923.6
	2112086.4	676923.4
END		
319	2112090.1	676923.9
	2112089.1	676923.6
	2112089.1	676924.2
	2112090.4	676924.3
	2112090.8	676924.3
	2112091.1	676924.4
	2112091.1	676923.7
	2112089.8	676923.5
	2112089.1	676923.6
END		
320	2112087.4	676923.3
	2112091.4	676923.1
	2112089.8	676923.0
	2112084.7	676922.9
	2112081.9	676922.6
	2112081.6	676923.1
	2112084.7	676923.5
	2112086.4	676923.4
	2112089.1	676923.6
	2112089.8	676923.5
	2112091.1	676923.7
	2112091.4	676923.1
END		
321	2112092.8	676923.5
	2112100.7	676924.7
	2112099.8	676924.6
	2112096.3	676923.8
	2112092.9	676923.2
	2112091.4	676923.1
	2112091.1	676923.7
	2112093.1	676923.9
	2112095.2	676924.1
	2112096.3	676924.3
	2112098.0	676924.6
	2112099.9	676925.0
	2112100.6	676925.1
	2112100.7	676924.7
END		
322	2112096.9	676924.8
	2112100.6	676925.1
	2112099.9	676925.0
	2112098.0	676924.6
	2112096.3	676924.3
	2112095.2	676924.1
	2112093.1	676923.9
	2112091.1	676923.7
	2112091.1	676924.4
	2112091.7	676924.5
	2112092.3	676924.5
	2112094.8	676924.7
	2112096.0	676925.0
	2112096.5	676924.9
	2112099.3	676925.3
	2112100.6	676925.4
	2112100.6	676925.1
END		
323	2112104.1	676925.2
	2112106.3	676925.0
	2112101.8	676924.8
	2112100.7	676924.7
	2112100.6	676925.1
	2112106.3	676925.5
	2112106.3	676925.0
END		
324	2112104.2	676925.6
	2112113.1	676926.1
	2112112.8	676926.1
	2112109.6	676925.8
	2112108.2	676925.7
	2112106.8	676925.6
	2112106.3	676925.5
	2112105.6	676925.4
	2112100.6	676925.1
	2112100.6	676925.4
	2112101.9	676925.6
	2112105.5	676925.9
	2112105.6	676925.9
	2112106.1	676925.9
	2112106.4	676926.1
	2112106.9	676926.0
	2112107.3	676926.0
	2112107.6	676926.0
	2112109.9	676926.1
	2112111.9	676926.2
	2112112.8	676926.2
	2112113.2	676926.2
	2112113.6	676926.2
	2112113.8	676926.2
	2112115.4	676926.2
	2112115.5	676926.2
	2112116.6	676926.2
	2112117.5	676926.2
	2112118.4	676926.2
	2112120.2	676926.3
	2112120.9	676925.8
	2112118.8	676925.9
	2112117.5	676925.8
	2112115.5	676925.9
	2112113.8	676926.0
	2112113.1	676926.1
END		
325	2112108.5	676925.4
	2112107.3	676925.0
	2112106.3	676925.0
	2112106.3	676925.5
	2112106.8	676925.6
	2112108.2	676925.7
	2112109.6	676925.8
	2112112.8	676926.1
	2112113.1	676926.1
	2112112.9	676926.0
	2112112.2	676925.7
	2112109.2	676925.2
	2112107.3	676925.0
END		
326	2112122.6	676925.9
	2112124.3	676925.7
	2112123.7	676925.8
	2112122.2	676925.7
	2112120.9	676925.8
	2112120.5	676926.0
	2112122.5	676926.2
	2112124.0	676926.2
	2112124.4	676926.2
	2112124.3	676925.7
END		
327	2112125.2	676926.5
	2112126.1	676926.6
	2112124.4	676926.2
	2112124.0	676926.2
	2112122.5	676926.2
	2112120.5	676926.0
	2112120.2	676926.3
	2112121.4	676926.4
	2112122.4	676926.4
	2112123.2	676926.5
	2112124.5	676926.5
	2112124.6	676926.5
	2112125.2	676926.6
	2112126.0	676926.8
	2112126.1	676926.6
END		
328	2112125.1	676926.1
	2112124.3	676925.7
	2112124.4	676926.2
	2112126.1	676926.6
	2112129.0	676927.2
	2112131.5	676927.7
	2112134.6	676927.2
	2112132.5	676927.5
	2112131.6	676927.6
	2112124.3	676925.7
END		
329	2112126.7	676926.8
	2112131.8	676927.9
	2112133.3	676927.7
	2112134.8	676927.5
	2112135.9	676927.4
	2112137.5	676927.2
	2112138.9	676927.0
	2112138.4	676927.0
	2112137.7	676927.1
	2112136.9	676927.2
	2112136.4	676927.2
	2112135.6	676927.3
	2112134.7	676927.4
	2112134.6	676927.2
	2112131.5	676927.7
	2112129.0	676927.2
	2112126.1	676926.6
	2112126.0	676926.8
	2112126.9	676927.0
	2112130.2	676927.7
	2112131.5	676927.9
	2112131.8	676927.9
END		
330	2112135.2	676927.2
	2112137.7	676927.1
	2112138.4	676927.0
	2112138.9	676927.0
	2112139.0	676927.1
	2112139.3	676927.1
	2112139.5	676927.0
	2112139.7	676927.0
	2112139.9	676927.0
	2112140.2	676927.0
	2112140.4	676927.0
	2112140.4	676927.0
	2112140.6	676927.0
	2112140.8	676927.0
	2112141.0	676926.9
	2112141.6	676926.9
	2112142.5	676926.8
	2112142.8	676926.8
	2112143.7	676926.9
	2112144.3	676927.0
	2112144.5	676926.9
	2112145.7	676927.0
	2112145.8	676927.0
	2112146.2	676927.0
	2112146.2	676926.8
	2112144.9	676926.8
	2112144.4	676926.8
	2112143.8	676926.7
	2112138.9	676927.0
	2112137.5	676927.0
	2112136.6	676927.1
	2112135.3	676927.1
	2112134.6	676927.2
	2112134.7	676927.4
	2112135.6	676927.3
	2112136.4	676927.2
	2112136.9	676927.2
	2112137.7	676927.1
END		
331	2112148.3	676926.9
	2112150.1	676926.7
	2112148.4	676926.7
	2112146.2	676926.8
	2112146.2	676927.0
	2112146.5	676927.0
	2112146.9	676927.0
	2112147.1	676927.0
	2112147.4	676927.0
	2112147.6	676927.1
	2112148.1	676927.1
	2112148.3	676927.1
	2112148.5	676927.1
	2112149.0	676927.1
	2112149.2	676927.1
	2112149.7	676927.2
	2112150.0	676927.2
	2112150.4	676927.2
	2112150.6	676927.3
	2112150.1	676926.7
END		
332	2112153.5	676926.9
	2112156.6	676927.1
	2112156.6	676926.7
	2112156.1	676926.4
	2112153.5	676926.5
	2112150.9	676926.8
	2112150.2	676926.8
	2112150.6	676927.3
	2112150.8	676927.3
	2112151.0	676927.3
	2112151.2	676927.3
	2112151.4	676927.3
	2112151.8	676927.3
	2112152.1	676927.2
	2112152.5	676927.2
	2112152.6	676927.2
	2112153.0	676927.2
	2112153.7	676927.1
	2112154.1	676927.1
	2112154.5	676927.1
	2112154.8	676927.1
	2112154.9	676927.0
	2112155.2	676927.0
	2112155.5	676927.0
	2112156.1	676926.9
	2112156.2	676927.0
	2112156.6	676927.1
END		
333	2112158.2	676926.9
	2112159.7	676927.0
	2112159.7	676926.5
	2112159.4	676926.5
	2112157.1	676926.6
	2112156.6	676926.7
	2112156.6	676927.1
	2112157.1	676927.1
	2112157.4	676927.1
	2112157.6	676927.1
	2112157.8	676927.1
	2112158.3	676927.1
	2112158.8	676927.1
	2112159.2	676927.0
	2112159.7	676927.0
END		
334	2112161.6	676926.7
	2112163.5	676926.9
	2112163.5	676926.3
	2112159.7	676926.5
	2112159.7	676927.0
	2112160.2	676927.0
	2112160.5	676927.0
	2112161.0	676927.0
	2112161.3	676927.0
	2112161.8	676926.9
	2112162.1	676926.9
	2112162.7	676926.9
	2112163.0	676926.9
	2112163.3	676926.9
	2112163.5	676926.9
END		
335	2112165.6	676926.7
	2112170.6	676927.0
	2112171.6	676926.8
	2112172.1	676926.7
	2112172.0	676926.3
	2112171.5	676926.4
	2112169.6	676926.7
	2112169.0	676926.8
	2112166.8	676926.6
	2112164.0	676926.3
	2112163.5	676926.3
	2112163.5	676926.9
	2112163.7	676926.9
	2112164.0	676926.9
	2112164.5	676926.9
	2112164.9	676926.9
	2112165.5	676927.0
	2112166.0	676927.0
	2112166.5	676927.0
	2112166.7	676927.1
	2112167.2	676927.1
	2112167.7	676927.1
	2112168.3	676927.2
	2112169.1	676927.2
	2112169.2	676927.2
	2112169.5	676927.1
	2112169.7	676927.1
	2112169.9	676927.1
	2112170.6	676927.0
END		
336	2112183.3	676925.7
	2112187.6	676925.2
	2112184.8	676925.4
	2112179.7	676925.6
	2112179.2	676925.7
	2112179.4	676926.1
	2112184.9	676925.9
	2112187.6	676925.7
	2112187.6	676925.2
END		
337	2112182.9	676926.1
	2112175.3	676926.3
	2112175.5	676926.3
	2112175.5	676926.4
	2112175.6	676926.3
	2112176.4	676926.3
	2112176.4	676926.3
	2112176.9	676926.3
	2112178.1	676926.3
	2112178.8	676926.3
	2112179.1	676926.3
	2112179.5	676926.3
	2112179.8	676926.3
	2112180.2	676926.3
	2112180.4	676926.3
	2112180.9	676926.3
	2112181.0	676926.3
	2112181.4	676926.3
	2112181.6	676926.3
	2112181.9	676926.3
	2112182.2	676926.3
	2112182.7	676926.3
	2112183.3	676926.3
	2112183.5	676926.3
	2112183.8	676926.3
	2112184.1	676926.3
	2112184.4	676926.3
	2112185.0	676926.3
	2112185.3	676926.3
	2112185.6	676926.3
	2112186.0	676926.3
	2112186.2	676926.3
	2112186.8	676926.2
	2112187.4	676926.2
	2112187.6	676926.2
	2112187.8	676926.2
	2112187.6	676925.7
	2112184.9	676925.9
	2112179.4	676926.1
	2112172.0	676926.3
	2112172.1	676926.7
	2112172.3	676926.7
	2112172.5	676926.7
	2112172.6	676926.6
	2112172.8	676926.6
	2112172.9	676926.6
	2112173.2	676926.5
	2112173.4	676926.5
	2112173.9	676926.4
	2112174.4	676926.4
	2112175.3	676926.3
END		
338	2112176.4	676926.1
	2112179.4	676926.1
	2112179.2	676925.7
	2112175.4	676925.9
	2112174.3	676925.9
	2112172.0	676926.3
	2112179.4	676926.1
END		
339	2112189.1	676925.5
	2112189.2	676925.7
	2112190.9	676925.4
	2112191.4	676925.3
	2112192.6	676925.2
	2112192.6	676925.1
	2112190.8	676925.1
	2112189.2	676925.1
	2112188.4	676925.2
	2112187.6	676925.2
	2112187.6	676925.7
	2112189.2	676925.7
END		
340	2111981.6	676877.2
	2111980.4	676876.4
	2111980.1	676877.3
	2111980.9	676878.1
	2111982.8	676878.7
	2111983.1	676876.4
	2111980.0	676874.9
	2111980.4	676876.4
END		
341	2111979.3	676875.3
	2111980.0	676874.9
	2111980.3	676874.5
	2111978.4	676874.5
	2111978.9	676876.6
	2111980.4	676876.4
	2111980.0	676874.9
END		
342	2111980.8	676879.6
	2111978.0	676880.6
	2111982.9	676880.6
	2111982.8	676878.7
	2111980.9	676878.1
	2111980.7	676878.5
	2111980.6	676878.6
	2111978.0	676880.1
	2111978.0	676880.6
END		
343	2112000.2	676880.4
	2112000.9	676880.1
	2111999.5	676879.7
	2111999.5	676879.9
	2111999.9	676881.0
	2111999.6	676881.0
	2111998.6	676880.5
	2111998.6	676880.3
	2111998.6	676879.9
	2111998.9	676879.3
	2111998.0	676879.0
	2111997.8	676880.0
	2111998.2	676880.7
	2111998.9	676881.3
	2112000.1	676881.4
	2112000.9	676880.1
END		
344	2112001.1	676880.9
	2112000.1	676881.4
	2112001.7	676881.5
	2112001.8	676880.3
	2112000.9	676880.1
	2112000.1	676881.4
END		
345	2112008.9	676882.6
	2112011.8	676882.9
	2112012.0	676882.6
	2112011.1	676882.5
	2112006.0	676881.8
	2112005.9	676881.5
	2112005.1	676881.3
	2112004.0	676881.3
	2112004.1	676881.7
	2112004.3	676881.8
	2112005.4	676881.8
	2112006.4	676882.9
	2112011.8	676882.9
END		
346	2112014.1	676883.9
	2112017.1	676884.3
	2112011.8	676882.9
	2112012.2	676883.6
	2112013.0	676884.6
	2112016.1	676884.6
	2112017.1	676884.3
END		
347	2112014.2	676883.3
	2112012.0	676882.6
	2112011.8	676882.9
	2112017.1	676884.3
	2112016.6	676883.3
	2112016.3	676883.6
	2112014.8	676883.1
	2112012.4	676882.7
	2112012.0	676882.6
END		
348	2112020.1	676884.6
	2112024.4	676885.7
	2112022.8	676885.1
	2112022.2	676884.5
	2112018.1	676883.6
	2112016.9	676883.8
	2112017.1	676884.3
	2112018.2	676884.7
	2112020.4	676885.5
	2112020.9	676885.5
	2112021.5	676885.3
	2112021.9	676885.8
	2112023.9	676886.2
	2112024.4	676885.7
END		
349	2112018.0	676883.3
	2112016.6	676883.3
	2112016.9	676883.8
	2112018.1	676883.6
	2112019.4	676883.9
	2112019.4	676883.2
	2112017.3	676882.9
	2112017.1	676883.3
	2112016.6	676883.3
END		
350	2112023.8	676884.8
	2112019.4	676883.2
	2112019.4	676883.9
	2112022.2	676884.5
	2112022.8	676885.1
	2112024.4	676885.7
	2112025.0	676885.8
	2112025.6	676885.0
	2112022.2	676883.5
	2112021.4	676883.4
	2112021.3	676883.4
	2112020.3	676883.2
	2112019.4	676883.2
END		
351	2112031.2	676887.1
	2112029.9	676887.0
	2112030.1	676887.2
	2112030.5	676887.6
	2112031.9	676887.5
	2112032.3	676887.2
	2112032.4	676886.6
	2112030.6	676886.3
	2112027.8	676885.9
	2112025.6	676885.0
	2112025.0	676885.8
	2112025.8	676886.6
	2112028.0	676887.0
	2112029.9	676887.0
END		
352	2112034.0	676888.6
	2112038.3	676889.6
	2112037.7	676889.2
	2112035.7	676889.3
	2112035.3	676888.9
	2112033.2	676887.7
	2112032.4	676886.6
	2112032.3	676887.2
	2112031.9	676887.5
	2112034.0	676889.0
	2112034.1	676889.1
	2112035.1	676889.4
	2112035.9	676889.6
	2112037.7	676889.4
	2112038.4	676890.1
	2112039.1	676891.1
	2112039.7	676891.5
	2112039.9	676891.4
	2112040.2	676891.1
	2112039.1	676890.7
	2112038.3	676889.6
END		
353	2112040.7	676891.9
	2112039.6	676891.9
	2112040.2	676892.4
	2112041.9	676892.4
	2112041.9	676891.4
	2112041.1	676891.4
	2112040.4	676891.6
	2112039.9	676891.4
	2112039.7	676891.5
	2112039.1	676891.1
	2112038.9	676891.3
	2112039.6	676891.9
END		
354	2112039.8	676888.3
	2112040.5	676888.0
	2112040.6	676887.6
	2112040.2	676887.5
	2112039.7	676887.6
	2112039.4	676888.8
	2112039.8	676889.3
	2112040.3	676890.7
	2112040.2	676891.1
	2112039.9	676891.4
	2112040.4	676891.6
	2112041.1	676891.4
	2112040.0	676888.7
	2112040.0	676888.5
	2112040.1	676888.3
	2112040.3	676887.7
	2112040.5	676888.0
END		
355	2112042.7	676889.0
	2112044.1	676889.4
	2112044.2	676889.1
	2112041.8	676888.5
	2112041.3	676888.2
	2112040.6	676887.6
	2112040.5	676888.0
	2112040.9	676888.3
	2112042.0	676889.4
	2112044.1	676889.4
END		
356	2112064.5	676897.7
	2112062.4	676896.9
	2112063.0	676898.1
	2112065.2	676898.4
	2112066.7	676899.0
	2112066.8	676898.2
	2112066.1	676898.1
	2112066.1	676897.7
	2112064.5	676897.2
	2112062.4	676896.8
	2112062.4	676896.9
END		
357	2112182.7	676905.6
	2112188.4	676906.0
	2112188.6	676905.5
	2112188.6	676905.1
	2112188.4	676905.0
	2112174.0	676904.6
	2112171.8	676904.8
	2112172.6	676905.5
	2112176.0	676905.5
	2112182.2	676906.3
	2112185.5	676906.1
	2112188.4	676906.0
END		
358	2111968.5	676875.8
	2111973.1	676876.8
	2111972.7	676875.8
	2111971.2	676875.6
	2111968.3	676874.4
	2111965.9	676874.3
	2111964.4	676874.6
	2111964.2	676877.6
	2111964.7	676878.1
	2111965.6	676877.2
	2111966.8	676877.0
	2111967.7	676876.7
	2111968.8	676876.7
	2111969.5	676877.4
	2111970.0	676877.3
	2111970.8	676876.9
	2111971.1	676876.8
	2111971.3	676876.9
	2111971.7	676877.3
	2111972.2	676877.3
	2111972.6	676877.0
	2111973.1	676876.8
END		
359	2111971.0	676874.8
	2111964.6	676873.5
	2111964.4	676874.6
	2111965.9	676874.3
	2111968.3	676874.4
	2111971.2	676875.6
	2111972.7	676875.8
	2111972.9	676874.5
	2111971.2	676874.3
	2111969.6	676873.7
	2111968.7	676873.2
	2111965.4	676873.7
	2111964.6	676873.5
END		
360	2111976.9	676873.9
	2111978.4	676874.5
	2111978.5	676873.5
	2111976.5	676873.6
	2111974.8	676874.1
	2111972.9	676874.5
	2111972.7	676875.8
	2111973.7	676875.2
	2111975.2	676874.7
	2111976.7	676874.3
	2111978.4	676874.5
END		
361	2111975.1	676875.3
	2111975.9	676875.7
	2111978.4	676874.5
	2111976.7	676874.3
	2111975.2	676874.7
	2111973.7	676875.2
	2111972.7	676875.8
	2111973.1	676876.8
	2111975.9	676875.7
END		
362	2111977.3	676875.7
	2111976.0	676876.0
	2111978.9	676876.6
	2111978.4	676874.5
	2111975.9	676875.7
	2111976.0	676876.0
END		
363	2111979.1	676877.3
	2111978.9	676876.6
	2111976.0	676876.0
	2111975.7	676877.5
	2111976.1	676877.7
	2111976.6	676876.8
	2111977.9	676877.3
	2111977.9	676877.7
	2111979.7	676878.3
	2111980.6	676878.2
	2111980.9	676878.1
	2111980.1	676877.3
	2111980.4	676876.4
	2111978.9	676876.6
END		
364	2111980.2	676874.0
	2111978.5	676873.5
	2111978.4	676874.5
	2111980.3	676874.5
	2111985.3	676875.2
	2111988.6	676876.1
	2111988.6	676875.2
	2111986.8	676875.0
	2111984.7	676874.8
	2111983.1	676874.2
	2111979.0	676873.4
	2111978.5	676873.5
END		
365	2111993.7	676877.5
	2111995.6	676878.6
	2111995.5	676877.8
	2111991.8	676876.2
	2111990.6	676875.9
	2111988.6	676875.8
	2111988.6	676876.1
	2111989.7	676876.8
	2111991.2	676877.3
	2111991.8	676877.3
	2111995.2	676878.7
	2111995.6	676878.6
END		
366	2111992.8	676876.3
	2111988.6	676875.2
	2111988.6	676875.8
	2111990.6	676875.9
	2111991.8	676876.2
	2111995.5	676877.8
	2111995.3	676877.0
	2111992.0	676875.5
	2111990.5	676875.3
	2111988.6	676875.2
END		
367	2111999.1	676880.0
	2111999.5	676879.7
	2111998.9	676879.3
	2111998.6	676879.9
	2111998.6	676880.3
	2111998.6	676880.5
	2111999.6	676881.0
	2111999.9	676881.0
	2111999.5	676879.9
	2111999.5	676879.7
END		
368	2111996.4	676878.4
	2111995.5	676877.8
	2111995.6	676878.6
	2111995.9	676878.5
	2111996.5	676878.7
	2111997.6	676879.0
	2111998.0	676879.0
	2111998.9	676879.3
	2111999.5	676879.7
	2112003.1	676880.7
	2112003.3	676880.7
	2112003.5	676880.4
	2111999.8	676879.3
	2111995.5	676877.8
END		
369	2111996.2	676877.7
	2111995.3	676877.0
	2111995.5	676877.8
	2111999.8	676879.3
	2112003.5	676880.4
	2112003.8	676880.1
	2112003.5	676879.8
	2112000.8	676879.2
	2111999.9	676879.0
	2111998.4	676878.4
	2111995.3	676877.0
END		
370	2112006.6	676881.6
	2112003.8	676880.1
	2112003.5	676880.4
	2112003.3	676880.7
	2112003.6	676881.0
	2112004.0	676881.3
	2112005.1	676881.3
	2112005.9	676881.5
	2112006.0	676881.8
	2112007.2	676882.0
	2112007.2	676881.3
	2112006.2	676881.2
	2112004.2	676880.7
	2112003.8	676880.1
END		
371	2112016.0	676883.1
	2112017.3	676882.9
	2112016.8	676882.7
	2112013.7	676882.3
	2112012.9	676882.0
	2112007.2	676881.3
	2112007.2	676882.0
	2112011.1	676882.5
	2112012.0	676882.6
	2112012.4	676882.7
	2112014.8	676883.1
	2112016.3	676883.6
	2112016.6	676883.3
	2112017.1	676883.3
	2112017.3	676882.9
END		
372	2112019.2	676882.9
	2112016.8	676882.7
	2112017.3	676882.9
	2112019.4	676883.2
	2112020.3	676883.2
	2112021.3	676883.4
	2112021.0	676882.4
	2112018.7	676882.5
	2112017.9	676882.2
	2112016.8	676882.7
END		
373	2112023.0	676883.2
	2112021.0	676882.4
	2112021.3	676883.4
	2112021.4	676883.4
	2112022.2	676883.5
	2112024.4	676884.5
	2112024.8	676883.2
	2112022.6	676882.4
	2112021.0	676882.4
END		
374	2112025.8	676883.8
	2112024.6	676883.9
	2112032.5	676886.4
	2112032.7	676885.9
	2112031.2	676885.5
	2112029.0	676884.8
	2112028.3	676884.5
	2112027.6	676884.0
	2112024.8	676883.2
	2112024.6	676883.9
END		
375	2112028.3	676885.5
	2112032.5	676886.4
	2112024.6	676883.9
	2112024.4	676884.5
	2112025.6	676885.0
	2112027.8	676885.9
	2112030.6	676886.3
	2112032.4	676886.6
	2112032.5	676886.4
END		
376	2112033.6	676887.5
	2112036.4	676889.3
	2112032.5	676886.4
	2112032.4	676886.6
	2112033.2	676887.7
	2112035.3	676888.9
	2112035.7	676889.3
	2112036.4	676889.3
END		
377	2112033.8	676887.0
	2112032.7	676885.9
	2112032.5	676886.4
	2112035.7	676888.7
	2112035.9	676888.3
	2112035.2	676887.6
	2112034.4	676887.1
	2112033.6	676886.4
	2112032.7	676885.9
END		
378	2112039.5	676890.6
	2112035.9	676888.3
	2112035.7	676888.7
	2112036.4	676889.3
	2112037.7	676889.2
	2112038.3	676889.6
	2112039.1	676890.7
	2112040.2	676891.1
	2112040.0	676890.6
	2112037.8	676888.9
	2112036.7	676888.9
	2112035.9	676888.3
END		
379	2112039.3	676887.8
	2112040.6	676887.6
	2112040.6	676887.4
	2112039.2	676887.0
	2112038.6	676888.7
	2112039.5	676889.4
	2112040.0	676890.6
	2112040.2	676891.1
	2112040.3	676890.7
	2112039.8	676889.3
	2112039.4	676888.8
	2112039.7	676887.6
	2112040.2	676887.5
	2112040.6	676887.6
END		
380	2112044.2	676888.6
	2112045.9	676888.9
	2112046.1	676888.5
	2112040.6	676887.4
	2112040.6	676887.6
	2112041.3	676888.2
	2112041.8	676888.5
	2112044.2	676889.1
	2112045.0	676889.4
	2112045.7	676889.3
	2112045.9	676888.9
END		
381	2112051.1	676890.0
	2112046.1	676888.5
	2112045.9	676888.9
	2112049.2	676890.0
	2112051.9	676891.0
	2112053.6	676890.2
	2112052.8	676889.9
	2112050.2	676889.3
	2112046.9	676888.7
	2112046.1	676888.5
END		
382	2112055.8	676892.7
	2112052.5	676890.7
	2112051.9	676891.0
	2112054.1	676892.6
	2112055.3	676893.8
	2112055.7	676894.1
	2112058.4	676893.8
	2112058.2	676893.1
	2112052.5	676890.7
END		
383	2112058.6	676895.2
	2112062.4	676896.8
	2112058.4	676893.8
	2112055.7	676894.1
	2112055.8	676894.2
	2112056.8	676894.6
	2112057.1	676894.9
	2112057.1	676895.6
	2112057.3	676895.9
	2112057.4	676896.0
	2112057.5	676896.0
	2112057.6	676896.2
	2112058.6	676896.5
	2112058.9	676896.4
	2112058.9	676896.8
	2112059.1	676897.1
	2112059.5	676897.3
	2112059.8	676897.2
	2112060.1	676897.1
	2112060.1	676897.0
	2112060.2	676896.8
	2112060.1	676896.7
	2112060.1	676896.6
	2112060.1	676896.5
	2112061.0	676896.6
	2112062.4	676896.8
END		
384	2112062.4	676895.9
	2112062.6	676895.1
	2112060.2	676895.2
	2112062.4	676896.8
	2112063.8	676897.1
	2112064.2	676896.3
	2112063.4	676895.7
	2112062.6	676895.1
END		
385	2112063.1	676893.9
	2112055.5	676892.0
	2112055.7	676891.8
	2112061.2	676893.4
	2112062.6	676895.1
	2112064.2	676896.3
	2112065.4	676895.6
	2112063.5	676894.9
	2112065.3	676894.3
	2112063.4	676893.0
	2112060.0	676891.7
	2112053.6	676890.2
	2112052.5	676890.7
	2112055.5	676892.0
END		
386	2112066.9	676897.8
	2112067.9	676897.7
	2112066.5	676897.2
	2112066.1	676897.7
	2112066.1	676898.1
	2112067.2	676898.3
	2112067.9	676897.7
END		
387	2112066.0	676897.1
	2112066.1	676897.7
	2112066.5	676897.2
	2112067.9	676897.7
	2112068.1	676897.5
	2112068.3	676897.4
	2112068.1	676896.8
	2112064.5	676896.2
	2112064.2	676896.3
	2112063.8	676897.1
	2112064.5	676897.2
	2112066.1	676897.7
END		
388	2112065.9	676896.1
	2112065.4	676895.6
	2112064.5	676896.2
	2112068.1	676896.8
	2112068.5	676896.3
	2112066.7	676896.0
	2112065.4	676895.6
END		
389	2112069.2	676897.0
	2112068.5	676896.3
	2112068.1	676896.8
	2112068.3	676897.4
	2112068.1	676897.5
	2112069.2	676898.0
	2112069.9	676898.0
	2112070.3	676898.0
	2112070.1	676896.4
	2112069.2	676896.3
	2112068.5	676896.3
END		
390	2112073.2	676895.4
	2112070.1	676896.4
	2112070.2	676897.2
	2112073.7	676897.4
	2112076.9	676893.9
	2112072.4	676892.5
	2112071.6	676892.8
	2112070.6	676892.7
	2112070.0	676894.8
	2112071.3	676895.1
	2112070.7	676895.6
	2112070.8	676896.2
	2112070.1	676896.4
END		
391	2112078.4	676898.3
	2112073.7	676897.4
	2112070.2	676897.2
	2112070.3	676898.0
	2112070.7	676898.0
	2112071.6	676898.6
	2112071.9	676899.0
	2112087.3	676898.6
	2112082.5	676897.6
	2112073.7	676897.4
END		
392	2112079.6	676895.8
	2112076.9	676893.9
	2112073.7	676897.4
	2112082.5	676897.6
	2112087.3	676898.6
	2112087.7	676896.4
	2112086.4	676896.4
	2112076.9	676893.9
END		
393	2112084.5	676901.1
	2112087.3	676898.6
	2112071.9	676899.0
	2112072.4	676899.6
	2112073.8	676900.9
	2112074.5	676901.6
	2112076.4	676902.4
	2112079.0	676903.0
	2112085.0	676903.1
	2112087.3	676903.6
	2112087.9	676903.6
	2112089.9	676904.3
	2112093.1	676904.9
	2112095.4	676900.5
	2112090.4	676898.6
	2112087.3	676898.6
END		
394	2112102.9	676903.9
	2112111.7	676906.1
	2112112.5	676902.7
	2112109.6	676901.7
	2112107.5	676901.4
	2112100.2	676902.5
	2112095.4	676900.5
	2112093.1	676904.9
	2112093.8	676905.0
	2112098.0	676905.4
	2112099.6	676905.6
	2112100.8	676905.6
	2112102.2	676905.4
	2112104.2	676905.8
	2112104.7	676905.6
	2112108.5	676906.2
	2112111.6	676906.1
	2112111.7	676906.1
END		
395	2112100.3	676900.4
	2112107.5	676901.4
	2112103.5	676899.4
	2112097.3	676897.2
	2112087.5	676897.2
	2112087.3	676898.6
	2112090.4	676898.6
	2112095.4	676900.5
	2112100.2	676902.5
	2112107.5	676901.4
END		
396	2112101.2	676897.8
	2112087.7	676896.4
	2112087.5	676897.2
	2112097.3	676897.2
	2112103.5	676899.4
	2112107.5	676901.4
	2112107.7	676899.8
	2112101.8	676897.1
	2112096.9	676895.5
	2112087.7	676896.4
END		
397	2112116.1	676904.5
	2112112.5	676902.7
	2112111.7	676906.1
	2112113.7	676906.9
	2112114.2	676906.7
	2112115.4	676906.7
	2112116.2	676906.7
	2112116.6	676906.6
	2112118.2	676906.7
	2112118.8	676906.6
	2112120.3	676907.3
	2112121.2	676906.3
	2112122.8	676905.4
	2112115.0	676902.9
	2112112.5	676902.7
END		
398	2112124.6	676908.4
	2112122.8	676905.4
	2112121.2	676906.3
	2112120.3	676907.3
	2112121.2	676907.7
	2112121.4	676908.9
	2112122.0	676909.7
	2112123.3	676910.6
	2112123.7	676910.7
	2112124.1	676910.7
	2112125.6	676911.0
	2112128.4	676911.5
	2112130.8	676911.6
	2112132.2	676911.8
	2112135.1	676912.4
	2112137.8	676912.8
	2112137.1	676910.7
	2112132.2	676908.9
	2112127.8	676908.3
	2112126.8	676907.9
	2112122.8	676905.4
END		
399	2112112.0	676901.4
	2112127.7	676905.8
	2112125.1	676904.6
	2112123.6	676904.0
	2112120.8	676902.9
	2112113.8	676900.6
	2112107.7	676899.8
	2112107.5	676901.4
	2112109.6	676901.7
	2112112.5	676902.7
	2112115.0	676902.9
	2112122.8	676905.4
	2112126.8	676907.9
	2112127.7	676905.8
END		
400	2112142.9	676911.5
	2112148.4	676911.8
	2112148.1	676910.5
	2112141.3	676910.5
	2112137.0	676909.6
	2112136.0	676910.3
	2112137.1	676910.7
	2112137.8	676912.8
	2112140.2	676912.2
	2112143.1	676912.0
	2112144.0	676911.8
	2112148.4	676911.8
END		
401	2112140.8	676909.3
	2112148.1	676910.5
	2112147.7	676908.5
	2112143.4	676907.8
	2112140.8	676908.3
	2112137.3	676908.6
	2112135.8	676907.7
	2112134.3	676907.4
	2112133.6	676909.4
	2112136.0	676910.3
	2112137.0	676909.6
	2112141.3	676910.5
	2112148.1	676910.5
END		
402	2112155.3	676908.5
	2112147.7	676908.5
	2112148.1	676910.5
	2112160.0	676908.7
	2112159.8	676907.5
	2112156.7	676907.2
	2112154.1	676907.2
	2112152.9	676907.9
	2112150.7	676908.5
	2112147.7	676908.5
END		
403	2112153.1	676910.5
	2112160.3	676910.2
	2112160.0	676908.7
	2112148.1	676910.5
	2112148.4	676911.8
	2112149.5	676911.8
	2112152.2	676911.6
	2112156.1	676910.9
	2112159.4	676910.3
	2112160.3	676910.2
END		
404	2112162.6	676908.9
	2112169.2	676907.1
	2112160.0	676908.7
	2112160.3	676910.2
	2112161.4	676909.9
	2112168.0	676908.2
	2112169.2	676907.1
END		
405	2112164.9	676907.5
	2112168.2	676907.3
	2112167.4	676906.7
	2112162.1	676907.7
	2112159.8	676907.5
	2112160.0	676908.7
	2112168.2	676907.3
END		
406	2112168.6	676905.6
	2112169.6	676904.9
	2112169.4	676904.6
	2112168.8	676904.4
	2112168.2	676905.3
	2112168.5	676906.4
	2112168.2	676907.3
	2112169.2	676907.1
	2112169.0	676905.1
	2112169.6	676904.9
END		
407	2112168.0	676904.7
	2112168.8	676904.4
	2112169.1	676904.1
	2112168.4	676904.1
	2112167.3	676904.5
	2112167.4	676905.0
	2112167.8	676906.0
	2112167.4	676906.7
	2112168.2	676907.3
	2112168.5	676906.4
	2112168.2	676905.3
	2112168.8	676904.4
END		
408	2112170.4	676904.4
	2112172.1	676904.8
	2112171.8	676903.6
	2112171.3	676903.6
	2112170.9	676903.9
	2112169.9	676904.1
	2112169.1	676904.1
	2112168.8	676904.4
	2112169.4	676904.6
	2112169.6	676904.9
	2112171.8	676904.8
	2112172.1	676904.8
END		
409	2112177.5	676903.9
	2112171.8	676903.6
	2112172.0	676904.3
	2112174.2	676904.1
	2112180.3	676904.2
	2112183.1	676904.4
	2112183.2	676903.8
	2112180.6	676903.6
	2112177.5	676903.5
	2112173.5	676903.7
	2112172.9	676903.5
	2112171.8	676903.6
END		
410	2112177.5	676904.4
	2112183.1	676904.4
	2112180.3	676904.2
	2112174.2	676904.1
	2112172.0	676904.3
	2112172.1	676904.8
	2112174.0	676904.6
	2112183.1	676904.9
	2112183.1	676904.4
END		
411	2112190.5	676905.1
	2112188.4	676905.0
	2112191.6	676905.5
	2112192.5	676905.5
	2112192.5	676904.8
	2112191.6	676904.9
	2112189.6	676904.8
	2112187.2	676904.6
	2112183.1	676904.4
	2112183.1	676904.9
	2112188.4	676905.0
END		
412	2112185.5	676904.2
	2112189.6	676904.8
	2112191.6	676904.9
	2112192.5	676904.8
	2112192.4	676904.0
	2112191.6	676904.1
	2112190.2	676904.1
	2112188.9	676904.3
	2112186.2	676904.1
	2112183.2	676903.8
	2112183.1	676904.4
	2112187.2	676904.6
	2112189.6	676904.8
END		
413	2112130.4	676907.3
	2112127.7	676905.8
	2112126.8	676907.9
	2112127.8	676908.3
	2112132.2	676908.9
	2112133.6	676909.4
	2112134.3	676907.4
	2112127.7	676905.8
END		
414	2112060.7	676894.5
	2112062.6	676895.1
	2112061.2	676893.4
	2112058.4	676893.8
	2112060.2	676895.2
	2112062.6	676895.1
END		
415	2112058.9	676893.0
	2112061.2	676893.4
	2112055.7	676891.8
	2112055.5	676892.0
	2112058.2	676893.1
	2112058.4	676893.8
	2112061.2	676893.4
END		
END		
