1	2111902.7	676770.8
	2111900.0	676769.8
	2111899.2	676772.6
	2111905.6	676771.7
	2111905.7	676770.8
	2111901.1	676769.6
	2111900.0	676769.8
END		
2	2111903.5	676773.3
	2111905.6	676771.7
	2111901.0	676772.4
	2111902.7	676774.3
	2111905.0	676774.1
	2111905.6	676771.7
END		
3	2111900.5	676773.5
	2111905.0	676774.1
	2111902.7	676774.3
	2111901.0	676772.4
	2111899.2	676772.6
	2111898.7	676774.5
	2111906.1	676778.2
	2111906.7	676777.4
	2111905.0	676774.1
END		
4	2111900.5	676776.5
	2111906.1	676778.2
	2111898.7	676774.5
	2111898.1	676776.5
	2111906.1	676779.6
	2111906.1	676778.2
END		
5	2111900.3	676778.3
	2111906.1	676779.6
	2111898.1	676776.5
	2111897.6	676778.5
	2111905.7	676781.1
	2111906.1	676779.6
END		
6	2111898.4	676781.2
	2111900.5	676779.4
	2111897.6	676778.5
	2111897.0	676780.7
	2111898.1	676785.3
	2111900.5	676779.4
END		
7	2111897.0	676784.8
	2111898.1	676785.3
	2111897.0	676780.7
	2111895.9	676784.5
	2111897.5	676787.6
	2111898.1	676785.3
END		
8	2111902.4	676780.8
	2111905.7	676781.1
	2111900.5	676779.4
	2111899.3	676782.3
	2111902.8	676781.5
	2111904.9	676782.9
	2111905.7	676781.1
END		
9	2111901.8	676783.3
	2111904.9	676782.9
	2111902.8	676781.5
	2111899.3	676782.3
	2111898.1	676785.3
	2111897.9	676785.9
	2111901.8	676784.7
	2111904.1	676785.0
	2111904.9	676782.9
END		
10	2111901.1	676786.4
	2111904.1	676785.0
	2111901.8	676784.7
	2111897.9	676785.9
	2111902.7	676788.9
	2111904.1	676785.0
END		
11	2111900.3	676788.5
	2111902.7	676788.9
	2111897.9	676785.9
	2111897.5	676787.6
	2111900.9	676790.2
	2111902.4	676790.1
	2111902.7	676788.9
END		
12	2111898.1	676789.5
	2111900.9	676790.2
	2111897.5	676787.6
	2111895.9	676784.5
	2111895.2	676787.0
	2111896.7	676790.7
	2111900.9	676790.2
END		
13	2111895.4	676790.2
	2111896.7	676790.7
	2111895.2	676787.0
	2111894.1	676791.2
	2111895.7	676792.3
	2111896.7	676790.7
END		
14	2111894.6	676793.0
	2111895.7	676792.3
	2111894.1	676791.2
	2111893.3	676794.0
	2111895.6	676794.3
	2111895.7	676792.3
END		
15	2111895.8	676795.0
	2111898.4	676795.1
	2111898.8	676794.3
	2111895.6	676794.3
	2111893.3	676794.0
	2111892.9	676795.4
	2111898.2	676795.6
	2111898.4	676795.6
	2111898.4	676795.1
END		
16	2111897.8	676790.9
	2111896.5	676791.0
	2111898.5	676791.8
	2111899.4	676790.3
	2111896.7	676790.7
	2111896.5	676791.0
END		
17	2111896.9	676792.3
	2111898.5	676791.8
	2111896.5	676791.0
	2111895.7	676792.3
	2111895.6	676792.9
	2111897.6	676793.2
	2111898.5	676791.8
END		
18	2111896.9	676793.7
	2111898.8	676794.3
	2111897.6	676793.2
	2111895.6	676792.9
	2111895.6	676794.3
	2111898.8	676794.3
END		
19	2111900.7	676793.2
	2111900.3	676794.1
	2111900.5	676793.8
	2111901.1	676794.0
	2111901.5	676793.8
	2111901.0	676792.6
	2111899.8	676793.5
	2111898.1	676793.6
	2111898.8	676794.3
	2111899.0	676793.9
	2111899.1	676794.0
	2111899.4	676793.8
	2111900.3	676794.1
END		
20	2111899.2	676792.9
	2111901.0	676792.6
	2111898.5	676791.8
	2111897.6	676793.2
	2111898.1	676793.6
	2111899.8	676793.5
	2111901.0	676792.6
END		
21	2111900.2	676791.0
	2111902.4	676790.1
	2111900.9	676790.2
	2111899.4	676790.3
	2111898.5	676791.8
	2111900.2	676792.3
	2111902.4	676790.1
END		
22	2111902.3	676793.1
	2111901.0	676792.6
	2111901.5	676793.8
	2111902.6	676794.5
	2111904.0	676792.2
	2111901.0	676792.6
END		
23	2111901.7	676791.6
	2111902.4	676792.4
	2111902.4	676790.1
	2111900.2	676792.3
	2111901.0	676792.6
	2111902.4	676792.4
END		
24	2111904.5	676793.5
	2111904.0	676792.2
	2111903.2	676793.6
	2111904.1	676794.3
	2111906.2	676793.9
	2111904.0	676792.2
END		
25	2111905.5	676792.7
	2111902.4	676790.9
	2111902.4	676792.4
	2111904.0	676792.2
	2111906.2	676793.9
	2111907.0	676793.6
	2111905.7	676791.8
	2111902.4	676790.9
END		
26	2111903.4	676790.6
	2111902.4	676789.8
	2111902.4	676790.1
	2111902.4	676790.9
	2111905.7	676791.8
	2111907.4	676791.3
	2111907.6	676789.9
	2111905.2	676791.0
	2111902.4	676789.8
END		
27	2111905.2	676790.1
	2111907.6	676789.9
	2111907.6	676788.7
	2111902.7	676788.9
	2111902.4	676789.8
	2111905.2	676791.0
	2111907.6	676789.9
END		
28	2111907.6	676786.6
	2111907.6	676788.7
	2111911.7	676788.6
	2111911.9	676785.4
	2111904.1	676785.0
	2111902.7	676788.9
	2111907.6	676788.7
END		
29	2111906.2	676783.9
	2111904.9	676782.9
	2111904.1	676785.0
	2111911.9	676785.4
	2111912.0	676784.5
	2111908.6	676784.1
	2111904.9	676782.9
END		
30	2111908.8	676783.1
	2111905.7	676781.1
	2111904.9	676782.9
	2111908.6	676784.1
	2111912.0	676784.5
	2111912.3	676782.6
	2111909.9	676782.3
	2111905.7	676781.1
END		
31	2111909.2	676780.8
	2111906.1	676779.6
	2111905.7	676781.1
	2111909.9	676782.3
	2111912.3	676782.6
	2111912.7	676780.5
	2111906.1	676779.6
END		
32	2111907.5	676778.6
	2111906.7	676777.4
	2111906.1	676778.2
	2111906.1	676779.6
	2111912.7	676780.5
	2111911.7	676778.1
	2111909.2	676778.8
	2111906.7	676777.4
END		
33	2111908.2	676776.8
	2111911.7	676778.1
	2111908.0	676775.4
	2111905.7	676775.4
	2111906.7	676777.4
	2111909.2	676778.8
	2111911.7	676778.1
END		
34	2111906.9	676773.9
	2111905.6	676771.7
	2111905.0	676774.1
	2111905.7	676775.4
	2111908.0	676775.4
	2111909.4	676772.7
	2111905.6	676771.7
END		
35	2111907.4	676771.6
	2111905.7	676770.8
	2111905.6	676771.7
	2111909.4	676772.7
	2111909.1	676771.5
	2111905.7	676770.8
END		
36	2111910.6	676772.9
	2111909.1	676771.5
	2111909.4	676772.7
	2111910.9	676773.9
	2111911.7	676773.5
	2111911.7	676772.7
	2111910.8	676772.5
	2111909.1	676771.5
END		
37	2111917.7	676774.5
	2111911.7	676772.7
	2111911.7	676773.5
	2111912.9	676773.2
	2111919.5	676775.6
	2111920.0	676775.1
	2111918.6	676774.2
	2111914.4	676772.9
	2111911.7	676772.7
END		
38	2111914.9	676775.3
	2111917.2	676774.8
	2111912.9	676773.2
	2111911.7	676773.5
	2111910.9	676773.9
	2111915.4	676776.6
	2111917.2	676774.8
END		
39	2111911.5	676775.9
	2111915.4	676776.6
	2111910.9	676773.9
	2111909.4	676772.7
	2111908.0	676775.4
	2111911.7	676778.1
	2111915.4	676776.6
END		
40	2111917.4	676779.8
	2111912.3	676779.4
	2111912.7	676780.5
	2111922.3	676780.7
	2111922.4	676779.2
	2111912.3	676779.4
END		
41	2111916.0	676777.9
	2111922.4	676779.2
	2111916.2	676775.8
	2111915.4	676776.6
	2111911.7	676778.1
	2111912.3	676779.4
	2111922.4	676779.2
END		
42	2111921.6	676777.5
	2111919.5	676775.6
	2111917.2	676774.8
	2111916.2	676775.8
	2111922.4	676779.2
	2111924.1	676777.3
	2111919.5	676775.6
END		
43	2111923.4	676776.5
	2111925.0	676776.4
	2111923.7	676775.9
	2111922.4	676776.0
	2111919.8	676775.3
	2111919.5	676775.6
	2111924.1	676777.3
	2111925.0	676776.4
END		
44	2111926.5	676777.0
	2111925.2	676776.3
	2111924.1	676777.3
	2111928.5	676778.2
	2111928.9	676777.1
	2111925.2	676776.3
END		
45	2111925.5	676778.0
	2111928.5	676778.2
	2111924.1	676777.3
	2111923.1	676778.4
	2111928.5	676778.2
END		
46	2111925.5	676779.7
	2111928.5	676778.2
	2111923.1	676778.4
	2111922.4	676779.2
	2111922.3	676780.7
	2111928.6	676780.5
	2111928.5	676778.2
END		
47	2111916.6	676781.3
	2111920.8	676780.7
	2111912.7	676780.5
	2111912.3	676782.6
	2111920.7	676782.1
	2111920.8	676780.7
END		
48	2111924.7	676781.1
	2111928.6	676780.5
	2111922.3	676780.7
	2111920.8	676780.7
	2111920.7	676782.1
	2111928.7	676781.7
	2111928.6	676780.5
END		
49	2111916.4	676783.5
	2111920.7	676782.1
	2111912.3	676782.6
	2111912.0	676784.5
	2111920.7	676784.4
	2111920.7	676782.1
END		
50	2111915.6	676785.0
	2111920.7	676784.4
	2111912.0	676784.5
	2111911.9	676785.4
	2111918.4	676785.4
	2111920.7	676784.4
END		
51	2111915.0	676785.8
	2111918.4	676785.4
	2111911.9	676785.4
	2111911.7	676787.3
	2111915.1	676786.4
	2111917.2	676787.3
	2111918.4	676785.4
END		
52	2111924.7	676783.3
	2111928.7	676781.7
	2111920.7	676782.1
	2111920.7	676784.4
	2111928.6	676784.3
	2111928.7	676781.7
END		
53	2111920.1	676785.9
	2111920.7	676784.4
	2111918.4	676785.4
	2111918.1	676785.8
	2111921.0	676788.2
	2111923.0	676787.3
	2111920.7	676784.4
END		
54	2111925.3	676785.7
	2111928.6	676784.3
	2111920.7	676784.4
	2111923.0	676787.3
	2111927.1	676787.7
	2111929.2	676787.4
	2111928.6	676784.3
END		
55	2111926.1	676789.2
	2111927.1	676787.7
	2111923.0	676787.3
	2111924.8	676790.6
	2111924.8	676791.9
	2111929.2	676790.7
	2111927.1	676787.7
END		
56	2111923.6	676790.1
	2111921.6	676787.9
	2111923.2	676791.0
	2111924.8	676791.9
	2111924.8	676790.6
	2111923.0	676787.3
	2111921.6	676787.9
END		
57	2111918.8	676787.5
	2111922.7	676790.1
	2111921.6	676787.9
	2111921.0	676788.2
	2111918.1	676785.8
	2111917.2	676787.3
	2111920.0	676790.2
	2111922.7	676790.1
END		
58	2111908.7	676796.7
	2111907.0	676793.6
	2111906.2	676793.9
	2111907.0	676795.7
	2111907.9	676797.2
	2111910.6	676798.8
	2111911.1	676798.4
	2111907.0	676793.6
END		
59	2111907.2	676792.4
	2111907.6	676789.9
	2111907.4	676791.3
	2111905.7	676791.8
	2111907.0	676793.6
	2111907.4	676794.1
	2111908.6	676794.0
	2111907.6	676789.9
END		
60	2111910.4	676789.5
	2111911.7	676788.6
	2111907.6	676788.7
	2111907.6	676789.9
	2111911.6	676790.9
	2111913.5	676789.7
	2111911.7	676788.6
END		
61	2111909.5	676791.6
	2111911.6	676790.9
	2111907.6	676789.9
	2111908.6	676794.0
	2111911.6	676790.9
END		
62	2111910.3	676793.8
	2111910.9	676791.6
	2111908.6	676794.0
	2111907.4	676794.1
	2111908.6	676795.4
	2111911.0	676795.2
	2111913.2	676791.5
	2111910.9	676791.6
END		
63	2111911.3	676796.8
	2111911.5	676794.4
	2111911.0	676795.2
	2111908.6	676795.4
	2111911.1	676798.4
	2111913.2	676797.5
	2111911.5	676794.4
END		
64	2111913.6	676799.0
	2111913.2	676797.5
	2111911.9	676798.0
	2111914.9	676801.2
	2111916.0	676800.7
	2111913.2	676797.5
END		
65	2111911.6	676798.8
	2111914.9	676801.2
	2111911.9	676798.0
	2111911.1	676798.4
	2111910.6	676798.8
	2111914.2	676802.0
	2111914.9	676801.2
END		
66	2111918.1	676802.7
	2111914.9	676801.2
	2111914.2	676802.0
	2111917.7	676803.7
	2111920.5	676802.7
	2111920.5	676801.6
	2111916.8	676802.2
	2111914.9	676801.2
END		
67	2111917.9	676801.6
	2111920.5	676801.6
	2111916.0	676800.7
	2111914.9	676801.2
	2111916.8	676802.2
	2111920.5	676801.6
END		
68	2111918.3	676800.5
	2111916.7	676800.8
	2111920.0	676801.5
	2111919.6	676799.7
	2111917.0	676798.9
	2111916.7	676800.8
END		
69	2111915.9	676799.3
	2111915.4	676798.2
	2111914.8	676797.8
	2111914.0	676796.5
	2111913.2	676794.9
	2111912.1	676793.4
	2111911.5	676794.4
	2111913.2	676797.5
	2111916.0	676800.7
	2111916.7	676800.8
	2111917.0	676798.9
	2111915.7	676798.5
	2111915.4	676798.2
END		
70	2111916.5	676796.3
	2111915.5	676794.4
	2111915.7	676795.8
	2111915.7	676796.1
	2111916.7	676798.8
	2111917.0	676798.9
	2111919.6	676799.7
	2111919.6	676798.8
	2111917.7	676798.5
	2111916.5	676794.1
	2111915.5	676794.4
END		
71	2111912.9	676790.8
	2111913.2	676791.5
	2111914.1	676791.5
	2111914.1	676790.5
	2111913.5	676789.7
	2111911.6	676790.9
	2111910.9	676791.6
	2111913.2	676791.5
END		
72	2111912.7	676793.5
	2111914.1	676791.5
	2111913.2	676791.5
	2111912.1	676793.4
	2111913.2	676794.9
	2111913.2	676792.7
	2111914.4	676791.8
	2111914.1	676791.5
END		
73	2111914.7	676789.6
	2111913.5	676789.7
	2111914.1	676790.5
	2111914.8	676790.1
	2111915.8	676790.1
	2111917.1	676790.7
	2111917.6	676791.5
	2111917.9	676791.2
	2111915.7	676789.5
	2111914.3	676789.1
	2111913.5	676789.7
END		
74	2111915.6	676790.8
	2111917.1	676790.7
	2111915.8	676790.1
	2111914.8	676790.1
	2111914.1	676790.5
	2111914.1	676791.5
	2111914.4	676791.8
	2111915.0	676791.5
	2111915.9	676792.0
	2111917.1	676790.7
END		
75	2111917.1	676789.3
	2111920.0	676790.2
	2111917.2	676787.3
	2111915.1	676786.4
	2111911.7	676787.3
	2111911.7	676788.6
	2111913.5	676789.7
	2111914.3	676789.1
	2111915.7	676789.5
	2111917.9	676791.2
	2111920.0	676790.2
END		
76	2111917.1	676791.9
	2111917.6	676791.5
	2111917.1	676790.7
	2111915.9	676792.0
	2111916.0	676792.2
	2111917.0	676792.7
	2111917.9	676792.7
	2111918.4	676792.1
	2111917.6	676791.5
END		
77	2111920.8	676790.9
	2111923.2	676791.0
	2111922.7	676790.1
	2111920.0	676790.2
	2111917.9	676791.2
	2111917.6	676791.5
	2111918.4	676792.1
	2111921.4	676791.6
	2111922.4	676791.8
	2111923.2	676791.0
END		
78	2111921.5	676792.1
	2111924.8	676791.9
	2111923.2	676791.0
	2111922.4	676791.8
	2111921.4	676791.6
	2111918.4	676792.1
	2111922.0	676792.7
	2111924.8	676791.9
END		
79	2111919.2	676793.2
	2111919.4	676792.2
	2111918.4	676792.1
	2111918.2	676792.3
	2111919.5	676794.8
	2111920.2	676794.5
	2111919.4	676792.2
END		
80	2111922.2	676793.9
	2111919.6	676792.9
	2111920.2	676794.5
	2111924.5	676794.4
	2111924.6	676793.4
	2111919.6	676792.9
END		
81	2111925.3	676792.5
	2111927.7	676791.1
	2111924.8	676791.9
	2111922.0	676792.7
	2111919.4	676792.2
	2111919.6	676792.9
	2111924.6	676793.4
	2111927.7	676793.4
	2111927.7	676791.1
END		
82	2111926.1	676793.9
	2111927.7	676793.4
	2111924.6	676793.4
	2111924.5	676794.1
	2111927.7	676794.7
	2111927.7	676793.4
END		
83	2111925.2	676794.8
	2111925.5	676794.3
	2111924.5	676794.1
	2111924.5	676794.4
	2111924.5	676795.1
	2111925.4	676795.2
	2111925.9	676795.3
	2111926.0	676794.4
	2111925.5	676794.3
END		
84	2111922.5	676795.1
	2111924.5	676795.1
	2111924.5	676794.4
	2111920.2	676794.5
	2111921.0	676796.2
	2111924.5	676795.1
END		
85	2111920.4	676795.9
	2111921.0	676796.2
	2111920.2	676794.5
	2111919.5	676794.8
	2111920.4	676796.9
	2111921.0	676796.2
END		
86	2111922.5	676796.7
	2111924.5	676795.1
	2111921.0	676796.2
	2111920.4	676796.9
	2111921.9	676797.8
	2111924.4	676796.8
	2111924.5	676795.1
END		
87	2111918.1	676795.1
	2111916.9	676793.9
	2111917.2	676795.6
	2111917.9	676796.0
	2111917.6	676798.0
	2111920.3	676797.4
	2111919.2	676795.3
	2111918.1	676793.2
	2111916.7	676793.5
	2111916.9	676793.9
END		
88	2111921.5	676798.9
	2111924.4	676796.8
	2111921.9	676797.8
	2111921.3	676797.5
	2111920.4	676797.6
	2111919.6	676798.8
	2111919.6	676799.7
	2111922.8	676800.3
	2111924.4	676796.8
END		
89	2111921.3	676800.9
	2111922.8	676800.3
	2111919.6	676799.7
	2111920.0	676801.5
	2111920.5	676801.6
	2111922.7	676801.4
	2111922.8	676800.3
END		
90	2111925.2	676799.3
	2111925.4	676795.2
	2111924.5	676795.1
	2111924.4	676796.8
	2111922.8	676800.3
	2111922.7	676801.4
	2111924.8	676802.0
	2111927.4	676802.1
	2111926.9	676795.5
	2111925.4	676795.2
END		
91	2111923.8	676804.7
	2111922.2	676801.4
	2111921.3	676801.5
	2111921.1	676802.5
	2111922.0	676803.5
	2111922.6	676803.5
	2111922.8	676804.4
	2111922.6	676805.5
	2111925.2	676805.3
	2111922.2	676801.4
END		
92	2111926.1	676803.7
	2111927.4	676802.1
	2111924.8	676802.0
	2111922.7	676801.4
	2111922.2	676801.4
	2111925.2	676805.3
	2111928.8	676805.1
	2111927.4	676802.1
END		
93	2111923.6	676806.7
	2111922.9	676808.0
	2111922.9	676808.2
	2111923.1	676808.6
	2111923.7	676808.8
	2111924.0	676809.0
	2111924.8	676808.8
	2111925.2	676805.3
	2111922.6	676805.5
	2111922.0	676807.6
	2111922.9	676808.0
END		
94	2111926.7	676806.6
	2111928.8	676805.1
	2111925.2	676805.3
	2111924.8	676808.8
	2111927.7	676808.1
	2111928.8	676805.1
END		
95	2111931.9	676803.3
	2111927.4	676802.1
	2111928.8	676805.1
	2111935.9	676803.9
	2111935.9	676802.9
	2111933.8	676802.5
	2111927.4	676802.1
END		
96	2111932.0	676805.5
	2111935.9	676803.9
	2111928.8	676805.1
	2111927.9	676807.7
	2111929.8	676808.0
	2111931.6	676806.4
	2111933.7	676807.1
	2111935.2	676806.5
	2111935.9	676803.9
END		
97	2111932.0	676807.5
	2111933.7	676807.1
	2111931.6	676806.4
	2111929.8	676808.0
	2111927.9	676807.7
	2111927.7	676808.1
	2111930.0	676809.2
	2111931.0	676808.3
	2111931.6	676809.0
	2111934.1	676809.3
	2111933.7	676807.1
END		
98	2111935.2	676807.8
	2111934.0	676808.8
	2111934.6	676808.6
	2111936.4	676809.7
	2111938.3	676809.5
	2111935.2	676806.5
	2111933.7	676807.1
	2111934.0	676808.8
END		
99	2111936.3	676806.0
	2111935.9	676803.9
	2111935.2	676806.5
	2111938.0	676809.1
	2111939.4	676809.1
	2111935.9	676803.9
END		
100	2111941.1	676807.1
	2111936.9	676805.4
	2111938.6	676808.0
	2111945.3	676809.7
	2111946.1	676807.8
	2111939.7	676805.6
	2111936.9	676805.4
END		
101	2111944.5	676806.5
	2111936.5	676804.8
	2111936.9	676805.4
	2111939.7	676805.6
	2111946.1	676807.8
	2111946.8	676806.3
	2111943.4	676805.4
	2111939.0	676804.5
	2111936.5	676804.8
END		
102	2111944.8	676805.2
	2111935.9	676803.9
	2111936.5	676804.8
	2111939.0	676804.5
	2111943.4	676805.4
	2111946.8	676806.3
	2111947.0	676805.2
	2111939.4	676803.6
	2111935.9	676803.9
END		
103	2111944.9	676804.2
	2111935.9	676802.9
	2111935.9	676803.9
	2111939.4	676803.6
	2111947.0	676805.2
	2111947.3	676804.0
	2111943.4	676803.3
	2111937.2	676802.8
	2111935.9	676802.9
END		
104	2111940.8	676810.7
	2111942.5	676811.2
	2111942.5	676810.3
	2111939.4	676809.1
	2111938.0	676809.1
	2111938.3	676809.5
	2111939.3	676811.0
	2111940.3	676811.4
	2111942.1	676811.7
	2111942.5	676811.2
END		
105	2111942.2	676809.5
	2111944.2	676809.4
	2111938.6	676808.0
	2111939.4	676809.1
	2111942.5	676810.3
	2111942.5	676810.5
	2111944.2	676809.4
END		
106	2111948.8	676811.1
	2111945.3	676809.7
	2111944.2	676809.4
	2111943.0	676810.1
	2111943.8	676810.6
	2111947.2	676811.9
	2111952.4	676812.3
	2111952.2	676810.0
	2111945.3	676809.7
END		
107	2111945.7	676812.2
	2111943.8	676810.6
	2111944.2	676811.6
	2111944.3	676812.6
	2111946.9	676813.3
	2111947.2	676811.9
	2111943.8	676810.6
END		
108	2111929.3	676795.0
	2111926.0	676794.4
	2111925.9	676795.3
	2111926.9	676795.5
	2111932.8	676796.4
	2111932.6	676794.1
	2111927.7	676794.7
	2111926.0	676794.4
END		
109	2111935.8	676797.7
	2111932.8	676796.4
	2111926.9	676795.5
	2111927.0	676796.5
	2111939.1	676799.2
	2111939.2	676797.2
	2111932.8	676796.4
END		
110	2111944.5	676799.3
	2111939.2	676797.2
	2111939.1	676799.2
	2111949.7	676802.4
	2111949.7	676799.2
	2111944.7	676797.4
	2111939.2	676797.2
END		
111	2111933.7	676792.1
	2111932.6	676794.1
	2111939.9	676794.2
	2111939.6	676790.4
	2111929.2	676790.7
	2111927.7	676791.1
	2111927.7	676793.4
	2111927.7	676794.7
	2111932.6	676794.1
END		
112	2111936.4	676795.4
	2111939.9	676794.2
	2111932.6	676794.1
	2111932.8	676796.4
	2111939.2	676797.2
	2111940.1	676797.2
	2111939.9	676794.2
END		
113	2111945.1	676796.2
	2111939.9	676794.2
	2111940.1	676797.2
	2111944.7	676797.4
	2111949.7	676799.2
	2111950.2	676795.3
	2111939.9	676794.2
END		
114	2111945.1	676793.4
	2111939.6	676790.4
	2111939.9	676794.2
	2111950.2	676795.3
	2111950.5	676792.4
	2111939.6	676790.4
END		
115	2111933.6	676788.1
	2111939.6	676790.4
	2111940.0	676784.3
	2111933.9	676786.8
	2111929.2	676787.4
	2111927.1	676787.7
	2111929.2	676790.7
	2111939.6	676790.4
END		
116	2111933.4	676785.1
	2111940.0	676784.3
	2111937.6	676782.9
	2111928.7	676781.7
	2111928.6	676784.3
	2111929.2	676787.4
	2111933.9	676786.8
	2111940.0	676784.3
END		
117	2111934.6	676780.6
	2111928.5	676778.2
	2111928.6	676780.5
	2111928.7	676781.7
	2111937.6	676782.9
	2111940.0	676784.3
	2111940.6	676780.5
	2111928.5	676778.2
END		
118	2111932.3	676778.2
	2111928.9	676777.1
	2111928.5	676778.2
	2111937.3	676779.8
	2111937.4	676778.5
	2111933.3	676777.5
	2111928.9	676777.1
END		
119	2111940.9	676779.8
	2111937.4	676778.5
	2111937.3	676779.8
	2111940.6	676780.5
	2111946.5	676781.6
	2111946.9	676780.4
	2111943.1	676779.4
	2111937.4	676778.5
END		
120	2111944.9	676783.5
	2111946.5	676781.6
	2111940.6	676780.5
	2111940.0	676784.3
	2111949.9	676785.6
	2111950.3	676783.9
	2111946.5	676781.6
END		
121	2111949.5	676782.3
	2111946.8	676780.9
	2111946.5	676781.6
	2111948.3	676782.7
	2111951.9	676783.1
	2111952.0	676782.8
	2111951.2	676782.1
	2111946.8	676780.9
END		
122	2111949.8	676781.4
	2111951.0	676781.3
	2111946.9	676780.4
	2111946.8	676780.9
	2111951.2	676782.1
	2111951.0	676781.3
END		
123	2111954.3	676784.5
	2111951.9	676783.1
	2111948.3	676782.7
	2111950.3	676783.9
	2111951.9	676784.1
	2111955.1	676785.7
	2111955.8	676784.5
	2111954.0	676783.8
	2111951.9	676783.1
END		
124	2111953.2	676783.2
	2111958.3	676784.7
	2111956.2	676784.2
	2111953.2	676782.8
	2111952.0	676782.8
	2111951.9	676783.1
	2111954.0	676783.8
	2111955.8	676784.5
	2111958.3	676785.2
	2111958.3	676784.7
END		
125	2111957.4	676784.2
	2111953.5	676782.3
	2111953.2	676782.8
	2111956.2	676784.2
	2111958.3	676784.7
	2111958.4	676784.2
	2111956.1	676783.6
	2111954.0	676782.7
	2111953.5	676782.3
END		
126	2111953.1	676786.0
	2111955.1	676785.7
	2111951.9	676784.1
	2111950.3	676783.9
	2111949.9	676785.6
	2111957.4	676789.1
	2111957.6	676788.2
	2111955.1	676785.7
END		
127	2111945.8	676786.4
	2111952.1	676786.6
	2111949.9	676785.6
	2111940.0	676784.3
	2111939.8	676787.4
	2111951.0	676789.6
	2111952.1	676786.6
END		
128	2111945.3	676790.4
	2111951.0	676789.6
	2111939.8	676787.4
	2111939.6	676790.4
	2111950.5	676792.4
	2111951.0	676789.6
END		
129	2111959.4	676786.7
	2111958.3	676785.2
	2111955.8	676784.5
	2111955.1	676785.7
	2111957.6	676788.2
	2111963.3	676787.0
	2111960.5	676785.6
	2111958.3	676785.2
END		
130	2111963.0	676786.6
	2111958.3	676784.7
	2111958.3	676785.2
	2111960.5	676785.6
	2111963.3	676787.0
	2111963.7	676786.2
	2111958.3	676784.7
END		
131	2111960.0	676784.9
	2111958.4	676784.2
	2111958.3	676784.7
	2111963.0	676786.0
	2111963.1	676785.6
	2111958.4	676784.2
END		
132	2111953.9	676790.6
	2111957.4	676789.1
	2111952.1	676786.6
	2111951.0	676789.6
	2111950.5	676792.4
	2111956.5	676793.3
	2111957.4	676789.1
END		
133	2111961.8	676788.7
	2111963.3	676787.0
	2111957.6	676788.2
	2111957.4	676789.1
	2111964.8	676791.3
	2111966.5	676788.2
	2111963.3	676787.0
END		
134	2111960.7	676792.5
	2111964.8	676791.3
	2111957.4	676789.1
	2111956.5	676793.3
	2111962.5	676794.8
	2111964.6	676794.6
	2111964.8	676791.3
END		
135	2111968.2	676790.8
	2111966.5	676788.2
	2111964.8	676791.3
	2111964.6	676794.6
	2111970.9	676793.4
	2111971.4	676789.6
	2111966.5	676788.2
END		
136	2111966.4	676787.6
	2111963.7	676786.2
	2111963.3	676787.0
	2111966.5	676788.2
	2111971.4	676789.6
	2111972.6	676789.1
	2111970.6	676787.9
	2111969.6	676788.1
	2111963.7	676786.2
END		
137	2111965.2	676786.2
	2111972.7	676788.0
	2111972.1	676787.7
	2111971.3	676787.3
	2111969.5	676787.0
	2111968.8	676786.7
	2111967.8	676786.5
	2111966.9	676786.3
	2111966.3	676785.8
	2111965.6	676785.7
	2111964.8	676785.7
	2111963.6	676785.5
	2111963.1	676785.6
	2111963.0	676786.0
	2111963.7	676786.2
	2111969.6	676788.1
	2111970.6	676787.9
	2111972.6	676789.1
	2111973.4	676788.2
	2111972.7	676788.0
END		
138	2111956.3	676795.5
	2111962.5	676794.8
	2111956.5	676793.3
	2111950.5	676792.4
	2111950.2	676795.3
	2111950.1	676796.4
	2111962.4	676797.6
	2111962.5	676794.8
END		
139	2111955.7	676797.5
	2111962.4	676797.6
	2111950.1	676796.4
	2111949.7	676799.2
	2111953.0	676798.2
	2111962.3	676798.7
	2111962.4	676797.6
END		
140	2111964.4	676796.9
	2111966.4	676794.3
	2111964.6	676794.6
	2111962.5	676794.8
	2111962.4	676797.6
	2111962.3	676798.7
	2111966.3	676798.2
	2111966.4	676794.3
END		
141	2111968.8	676795.8
	2111970.9	676793.4
	2111966.4	676794.3
	2111966.3	676798.2
	2111971.8	676799.2
	2111970.9	676793.4
END		
142	2111947.4	676802.3
	2111943.2	676801.6
	2111948.3	676803.4
	2111949.6	676803.5
	2111949.7	676802.4
	2111943.8	676800.6
	2111943.3	676801.1
	2111943.2	676801.6
END		
143	2111950.8	676804.3
	2111949.7	676800.9
	2111949.7	676802.4
	2111949.6	676803.5
	2111948.3	676803.4
	2111947.3	676804.0
	2111947.0	676805.2
	2111951.0	676805.6
	2111954.1	676806.5
	2111954.5	676803.6
	2111949.7	676800.9
END		
144	2111949.7	676807.8
	2111946.8	676806.3
	2111946.1	676807.8
	2111945.3	676809.7
	2111952.2	676810.0
	2111953.4	676807.3
	2111950.5	676806.4
	2111946.8	676806.3
END		
145	2111952.3	676806.5
	2111954.1	676806.5
	2111951.0	676805.6
	2111947.0	676805.2
	2111946.8	676806.3
	2111950.5	676806.4
	2111953.4	676807.3
	2111954.1	676806.5
END		
146	2111952.1	676800.4
	2111954.4	676798.3
	2111953.0	676798.2
	2111949.7	676799.2
	2111949.7	676800.9
	2111954.5	676803.6
	2111954.4	676798.3
END		
147	2111956.5	676802.1
	2111958.7	676798.5
	2111954.4	676798.3
	2111954.5	676803.6
	2111954.1	676806.5
	2111958.0	676807.7
	2111958.7	676798.5
END		
148	2111960.7	676801.3
	2111963.1	676798.6
	2111962.3	676798.7
	2111958.7	676798.5
	2111958.2	676805.4
	2111962.8	676801.9
	2111963.1	676798.6
END		
149	2111967.5	676800.7
	2111971.8	676799.2
	2111966.3	676798.2
	2111963.1	676798.6
	2111962.8	676801.9
	2111972.4	676802.4
	2111971.8	676799.2
END		
150	2111962.8	676805.3
	2111969.1	676802.2
	2111962.8	676801.9
	2111958.2	676805.4
	2111958.0	676807.7
	2111964.0	676810.4
	2111969.1	676802.2
END		
151	2111969.6	676805.6
	2111972.4	676802.4
	2111969.1	676802.2
	2111964.0	676810.4
	2111965.7	676810.6
	2111968.3	676810.4
	2111974.3	676803.0
	2111972.4	676802.4
END		
152	2111956.8	676810.3
	2111959.3	676810.5
	2111958.5	676809.7
	2111952.9	676808.4
	2111952.2	676810.0
	2111953.9	676809.9
	2111956.1	676811.3
	2111958.6	676811.6
	2111959.3	676810.5
END		
153	2111962.6	676811.4
	2111961.0	676810.3
	2111960.7	676811.2
	2111962.2	676812.0
	2111966.8	676813.1
	2111967.4	676812.0
	2111964.8	676811.6
	2111961.0	676810.3
END		
154	2111960.1	676810.4
	2111961.0	676810.3
	2111960.5	676810.1
	2111958.7	676808.8
	2111957.1	676808.7
	2111953.4	676807.3
	2111952.9	676808.4
	2111958.5	676809.7
	2111959.3	676810.5
	2111960.7	676811.2
	2111961.0	676810.3
END		
155	2111956.8	676807.9
	2111960.8	676808.9
	2111958.0	676807.7
	2111954.1	676806.5
	2111953.4	676807.3
	2111957.1	676808.7
	2111958.7	676808.8
	2111960.5	676810.1
	2111960.8	676808.9
END		
156	2111962.1	676810.1
	2111960.8	676808.9
	2111960.5	676810.1
	2111964.8	676811.6
	2111967.4	676812.0
	2111968.3	676810.4
	2111965.7	676810.6
	2111964.0	676810.4
	2111960.8	676808.9
END		
157	2111954.1	676811.6
	2111956.1	676811.3
	2111953.9	676809.9
	2111952.2	676810.0
	2111952.4	676812.3
	2111952.7	676814.1
	2111954.5	676814.2
	2111956.1	676811.3
END		
158	2111946.7	676813.8
	2111946.9	676813.3
	2111944.3	676812.6
	2111944.3	676813.7
	2111945.2	676813.7
	2111946.5	676814.3
	2111948.1	676814.5
	2111948.5	676814.0
	2111947.8	676813.6
	2111946.9	676813.3
END		
159	2111948.8	676814.6
	2111949.0	676814.3
	2111948.5	676814.0
	2111948.1	676814.5
	2111948.1	676814.5
	2111948.2	676814.8
	2111948.3	676814.9
	2111949.3	676815.6
	2111949.7	676815.9
	2111950.2	676816.2
	2111950.4	676816.6
	2111952.9	676817.0
	2111953.3	676816.9
	2111953.2	676816.4
	2111950.5	676815.5
	2111949.0	676814.3
END		
160	2111948.1	676812.8
	2111948.4	676812.0
	2111947.2	676811.9
	2111946.9	676813.3
	2111947.8	676813.6
	2111948.5	676814.0
	2111949.0	676814.3
	2111949.9	676813.7
	2111948.4	676812.0
END		
161	2111950.3	676814.7
	2111949.9	676813.7
	2111949.0	676814.3
	2111950.5	676815.5
	2111952.8	676816.3
	2111952.8	676816.1
	2111951.3	676815.0
	2111949.9	676813.7
END		
162	2111951.0	676813.2
	2111952.7	676814.1
	2111952.4	676812.3
	2111948.4	676812.0
	2111949.9	676813.7
	2111951.3	676815.0
	2111952.7	676814.1
END		
163	2111952.3	676814.9
	2111953.2	676814.7
	2111953.5	676814.5
	2111953.8	676814.6
	2111954.5	676814.2
	2111952.7	676814.1
	2111951.3	676815.0
	2111952.8	676816.1
	2111953.2	676815.6
	2111953.2	676814.7
END		
164	2111953.5	676815.3
	2111953.2	676816.4
	2111953.2	676816.0
	2111953.6	676816.3
	2111953.5	676815.7
	2111953.7	676815.5
	2111953.9	676814.9
	2111954.1	676814.9
	2111954.9	676814.4
	2111955.4	676814.3
	2111956.5	676814.8
	2111956.8	676814.6
	2111957.0	676815.0
	2111957.4	676814.8
	2111957.1	676814.4
	2111956.1	676813.8
	2111955.2	676813.7
	2111954.7	676813.8
	2111954.5	676814.2
	2111953.8	676814.6
	2111953.8	676814.6
	2111953.5	676814.5
	2111953.2	676814.7
	2111953.2	676815.6
	2111952.8	676816.1
	2111952.8	676816.3
	2111953.2	676816.4
END		
165	2111958.9	676814.3
	2111958.6	676811.6
	2111956.1	676811.3
	2111954.7	676813.8
	2111955.2	676813.7
	2111956.1	676813.8
	2111957.1	676814.4
	2111957.4	676814.8
	2111958.3	676816.3
	2111961.4	676815.8
	2111960.2	676813.0
	2111958.6	676811.6
END		
166	2111963.7	676813.8
	2111966.8	676813.1
	2111962.2	676812.0
	2111959.3	676810.5
	2111958.6	676811.6
	2111960.2	676813.0
	2111961.4	676815.8
	2111963.7	676816.0
	2111967.0	676814.3
	2111966.8	676813.1
END		
167	2111960.7	676816.4
	2111963.7	676816.0
	2111961.4	676815.8
	2111958.3	676816.3
	2111958.8	676817.2
	2111962.8	676816.5
	2111963.7	676816.0
END		
168	2111958.3	676816.9
	2111957.2	676815.5
	2111957.8	676816.6
	2111957.9	676817.5
	2111958.8	676817.2
	2111958.3	676816.3
	2111957.4	676814.8
	2111957.0	676815.0
	2111957.2	676815.5
END		
169	2111958.2	676818.2
	2111958.8	676817.2
	2111957.9	676817.5
	2111957.5	676818.1
	2111957.4	676818.6
	2111957.6	676819.1
	2111958.9	676819.7
	2111958.8	676817.2
END		
170	2111960.9	676817.7
	2111962.8	676816.5
	2111958.8	676817.2
	2111958.9	676818.6
	2111960.1	676818.3
	2111962.9	676818.5
	2111962.8	676816.5
END		
171	2111960.6	676819.3
	2111962.9	676818.5
	2111960.1	676818.3
	2111958.9	676818.6
	2111958.9	676819.7
	2111960.6	676820.6
	2111961.4	676820.9
	2111962.9	676818.5
END		
172	2111965.8	676821.8
	2111961.9	676820.1
	2111961.4	676820.9
	2111961.6	676821.0
	2111963.1	676821.3
	2111963.7	676821.4
	2111964.0	676822.0
	2111965.3	676822.5
	2111967.0	676822.9
	2111967.6	676823.0
	2111967.8	676821.5
	2111965.0	676821.2
	2111964.9	676821.0
	2111963.8	676820.4
	2111961.9	676820.1
END		
173	2111963.6	676820.0
	2111962.3	676819.4
	2111961.9	676820.1
	2111963.8	676820.4
	2111968.1	676820.9
	2111968.3	676820.6
	2111962.3	676819.4
END		
174	2111965.5	676819.2
	2111962.9	676818.5
	2111962.3	676819.4
	2111964.1	676819.4
	2111966.5	676819.8
	2111967.0	676820.0
	2111968.4	676820.3
	2111968.7	676818.6
	2111962.9	676818.5
END		
175	2111966.0	676817.7
	2111962.8	676817.2
	2111962.9	676818.5
	2111968.7	676818.6
	2111969.9	676816.5
	2111962.8	676817.2
END		
176	2111966.6	676815.4
	2111969.9	676816.5
	2111967.0	676814.3
	2111963.7	676816.0
	2111962.8	676816.5
	2111962.8	676817.2
	2111969.9	676816.5
END		
177	2111972.5	676815.6
	2111967.0	676814.3
	2111969.9	676816.5
	2111974.3	676817.6
	2111975.8	676817.2
	2111976.6	676814.5
	2111967.0	676814.3
END		
178	2111969.9	676813.5
	2111967.4	676812.0
	2111966.8	676813.1
	2111967.0	676814.3
	2111976.6	676814.5
	2111967.4	676812.0
END		
179	2111970.4	676812.0
	2111968.3	676810.4
	2111967.4	676812.0
	2111976.6	676814.5
	2111977.2	676813.4
	2111968.3	676810.4
END		
180	2111975.5	676809.7
	2111974.3	676803.0
	2111968.3	676810.4
	2111977.2	676813.4
	2111979.2	676814.1
	2111982.1	676812.6
	2111982.3	676808.3
	2111974.3	676803.0
END		
181	2111976.2	676801.8
	2111971.8	676799.2
	2111972.4	676802.4
	2111974.3	676803.0
	2111979.3	676806.3
	2111980.2	676800.9
	2111976.4	676799.7
	2111973.7	676798.9
	2111971.8	676799.2
END		
182	2111973.1	676793.1
	2111973.7	676798.9
	2111973.4	676795.8
	2111976.4	676791.7
	2111972.6	676789.1
	2111971.4	676789.6
	2111970.9	676793.4
	2111971.8	676799.2
	2111973.7	676798.9
END		
183	2111974.7	676789.0
	2111973.4	676788.2
	2111972.6	676789.1
	2111975.0	676790.7
	2111975.4	676790.3
	2111977.5	676790.4
	2111975.9	676787.9
	2111974.5	676788.2
	2111973.4	676788.2
END		
184	2111978.6	676789.8
	2111975.9	676787.9
	2111977.5	676790.4
	2111980.0	676790.8
	2111986.1	676793.7
	2111986.6	676793.1
	2111985.8	676792.3
	2111983.0	676791.3
	2111980.5	676790.1
	2111977.9	676788.5
	2111977.3	676788.6
	2111976.9	676787.3
	2111975.9	676787.9
END		
185	2111979.2	676791.7
	2111984.4	676792.9
	2111980.0	676790.8
	2111977.5	676790.4
	2111975.4	676790.3
	2111975.0	676790.7
	2111976.4	676791.7
	2111982.4	676793.1
	2111983.7	676793.9
	2111984.4	676792.9
END		
186	2111977.1	676796.0
	2111975.5	676793.0
	2111973.4	676795.8
	2111973.6	676797.4
	2111980.4	676798.0
	2111981.3	676796.8
	2111979.7	676794.7
	2111975.5	676793.0
END		
187	2111980.0	676793.5
	2111983.7	676793.9
	2111982.4	676793.1
	2111976.4	676791.7
	2111975.5	676793.0
	2111979.7	676794.7
	2111983.7	676793.9
END		
188	2111977.0	676798.8
	2111980.4	676798.0
	2111973.6	676797.4
	2111973.7	676798.9
	2111976.4	676799.7
	2111980.2	676800.9
	2111980.4	676798.0
END		
189	2111984.1	676795.9
	2111983.7	676793.9
	2111979.7	676794.7
	2111981.3	676796.8
	2111986.6	676799.0
	2111987.9	676796.1
	2111983.7	676793.9
END		
190	2111982.8	676799.8
	2111985.6	676798.6
	2111981.3	676796.8
	2111980.4	676798.0
	2111980.2	676800.9
	2111981.9	676801.8
	2111983.5	676801.3
	2111985.2	676800.3
	2111985.6	676798.6
END		
191	2111982.5	676803.1
	2111985.2	676800.3
	2111983.5	676801.3
	2111981.9	676801.8
	2111980.2	676800.9
	2111979.7	676804.0
	2111982.4	676803.8
	2111985.2	676804.9
	2111985.2	676800.3
END		
192	2111986.4	676799.7
	2111986.6	676799.0
	2111985.6	676798.6
	2111985.2	676800.3
	2111987.5	676800.5
	2111987.4	676799.5
	2111986.6	676799.0
END		
193	2111988.6	676804.4
	2111987.5	676800.5
	2111985.2	676800.3
	2111985.2	676804.9
	2111991.0	676807.1
	2111992.3	676805.0
	2111991.7	676803.8
	2111988.1	676802.0
	2111987.5	676800.5
END		
194	2111984.4	676806.5
	2111991.0	676807.1
	2111985.2	676804.9
	2111982.4	676803.8
	2111979.7	676804.0
	2111979.3	676806.3
	2111982.3	676808.3
	2111991.0	676807.1
END		
195	2111972.6	676818.4
	2111975.8	676817.2
	2111974.3	676817.6
	2111969.9	676816.5
	2111968.7	676818.6
	2111973.3	676819.6
	2111976.8	676819.3
	2111975.8	676817.2
END		
196	2111969.7	676823.4
	2111967.6	676822.4
	2111967.6	676823.0
	2111969.1	676823.2
	2111969.4	676823.4
	2111970.0	676824.1
	2111970.1	676823.7
	2111970.0	676822.7
	2111967.6	676822.4
END		
197	2111968.7	676821.8
	2111967.8	676821.5
	2111967.6	676822.4
	2111970.0	676822.7
	2111969.3	676821.2
	2111967.8	676821.5
END		
198	2111973.6	676825.0
	2111971.4	676825.0
	2111972.4	676825.0
	2111973.6	676825.6
	2111974.3	676825.8
	2111975.5	676825.5
	2111977.0	676826.6
	2111977.6	676825.7
	2111975.3	676824.7
	2111970.0	676823.8
	2111970.0	676824.1
	2111970.2	676824.5
	2111971.4	676825.0
END		
199	2111972.6	676823.3
	2111970.0	676822.9
	2111970.1	676823.7
	2111970.0	676823.8
	2111975.3	676824.7
	2111977.6	676825.7
	2111977.5	676825.2
	2111974.4	676822.7
	2111970.0	676822.9
END		
200	2111967.4	676821.0
	2111970.5	676821.1
	2111968.2	676820.8
	2111968.1	676820.9
	2111963.8	676820.4
	2111964.9	676821.0
	2111965.0	676821.2
	2111967.8	676821.5
	2111969.3	676821.2
	2111969.5	676821.2
	2111970.1	676821.4
	2111970.5	676821.1
END		
201	2111971.1	676822.2
	2111972.7	676822.8
	2111971.4	676820.1
	2111968.6	676819.3
	2111968.4	676820.3
	2111969.3	676820.8
	2111970.5	676821.1
	2111970.1	676821.4
	2111969.5	676821.2
	2111969.3	676821.2
	2111970.0	676822.7
	2111970.0	676822.9
	2111972.7	676822.8
END		
202	2111974.3	676820.2
	2111976.8	676819.3
	2111973.3	676819.6
	2111968.7	676818.6
	2111968.6	676819.3
	2111971.4	676820.1
	2111974.4	676821.2
	2111977.3	676820.7
	2111976.8	676819.3
END		
203	2111976.2	676823.2
	2111977.3	676820.7
	2111974.4	676821.2
	2111971.4	676820.1
	2111972.7	676822.8
	2111974.4	676822.7
	2111977.5	676825.2
	2111977.3	676820.7
END		
204	2111978.4	676823.5
	2111977.3	676820.7
	2111977.5	676825.2
	2111977.6	676825.7
	2111979.3	676826.0
	2111979.3	676822.4
	2111981.0	676819.7
	2111977.3	676820.7
END		
205	2111980.3	676826.7
	2111979.3	676826.0
	2111977.6	676825.7
	2111977.3	676826.1
	2111978.5	676826.7
	2111982.1	676827.3
	2111982.3	676826.1
	2111979.3	676826.0
END		
206	2111977.6	676826.4
	2111982.1	676827.3
	2111978.5	676826.7
	2111977.3	676826.1
	2111977.0	676826.6
	2111978.8	676827.1
	2111979.0	676827.3
	2111982.1	676827.8
	2111982.1	676827.3
END		
207	2111984.2	676823.5
	2111981.0	676819.7
	2111979.3	676822.4
	2111979.3	676826.0
	2111982.3	676826.1
	2111989.0	676825.7
	2111990.1	676824.2
	2111983.6	676819.6
	2111981.0	676819.7
END		
208	2111979.2	676817.8
	2111983.6	676819.6
	2111979.2	676814.1
	2111977.2	676813.4
	2111976.6	676814.5
	2111975.8	676817.2
	2111976.8	676819.3
	2111977.3	676820.7
	2111981.0	676819.7
	2111983.6	676819.6
END		
209	2111990.1	676822.5
	2111980.7	676815.9
	2111983.6	676819.6
	2111990.1	676824.2
	2111993.0	676822.2
	2111988.5	676820.6
	2111980.7	676815.9
END		
210	2111981.6	676814.5
	2111982.1	676812.6
	2111979.2	676814.1
	2111980.7	676815.9
	2111988.5	676820.6
	2111993.0	676822.2
	2111993.9	676821.2
	2111985.4	676816.6
	2111982.1	676812.6
END		
211	2111983.6	676811.6
	2111982.3	676808.3
	2111982.1	676812.6
	2111985.4	676816.6
	2111985.1	676810.0
	2111982.3	676808.3
END		
212	2111987.1	676808.7
	2111988.8	676807.4
	2111982.3	676808.3
	2111985.1	676810.0
	2111986.0	676810.5
	2111987.9	676810.1
	2111996.1	676812.6
	2111997.2	676813.6
	2111997.7	676813.5
	2111998.7	676812.4
	2111988.8	676807.4
END		
213	2111996.3	676810.3
	2111991.0	676807.1
	2111988.8	676807.4
	2111998.7	676812.4
	2111999.6	676810.9
	2111991.0	676807.1
END		
214	2111985.8	676828.3
	2111982.1	676827.5
	2111982.1	676827.8
	2111984.2	676828.3
	2111984.2	676828.5
	2111985.4	676828.3
	2111985.7	676828.6
	2111986.2	676828.7
	2111988.0	676828.8
	2111987.0	676827.9
	2111982.9	676827.7
	2111982.1	676827.5
END		
215	2111983.5	676827.4
	2111982.2	676827.2
	2111982.1	676827.3
	2111982.1	676827.5
	2111982.9	676827.7
	2111985.5	676827.8
	2111984.5	676827.1
	2111982.2	676827.2
END		
216	2111985.5	676826.6
	2111984.5	676827.1
	2111988.8	676826.9
	2111989.0	676825.7
	2111982.3	676826.1
	2111982.2	676827.2
	2111984.5	676827.1
END		
217	2111988.1	676827.5
	2111988.8	676826.9
	2111984.5	676827.1
	2111985.5	676827.8
	2111987.0	676827.9
	2111992.8	676828.0
	2111988.8	676826.9
END		
218	2111990.2	676828.5
	2111992.8	676828.0
	2111987.0	676827.9
	2111988.0	676828.8
	2111993.0	676829.3
	2111992.8	676828.0
END		
219	2111996.5	676829.0
	2111992.8	676828.0
	2111992.9	676829.0
	2111995.1	676828.9
	2111997.2	676829.7
	2111997.9	676829.2
	2111995.1	676828.1
	2111992.8	676828.0
END		
220	2111994.9	676829.4
	2111997.2	676829.7
	2111995.1	676828.9
	2111992.9	676829.0
	2111993.0	676829.3
	2111997.0	676830.1
	2111997.2	676829.7
END		
221	2111991.3	676825.9
	2111992.3	676822.6
	2111990.1	676824.2
	2111989.0	676825.7
	2111988.8	676826.9
	2111992.8	676828.0
	2111993.5	676828.0
	2111993.8	676825.0
	2111992.3	676822.6
END		
222	2111995.6	676826.4
	2111993.8	676825.0
	2111993.5	676828.0
	2111995.1	676828.1
	2111996.9	676828.8
	2111997.9	676825.6
	2111995.6	676824.8
	2111993.8	676825.0
END		
223	2111998.4	676828.3
	2111997.5	676826.9
	2111996.9	676828.8
	2111997.9	676829.2
	2111998.6	676828.8
	2112000.1	676829.2
	2112000.9	676828.9
	2111997.5	676826.9
END		
224	2111993.9	676823.9
	2111995.6	676824.8
	2111993.0	676822.2
	2111992.3	676822.6
	2111993.8	676825.0
	2111995.6	676824.8
END		
225	2111999.8	676824.9
	2111994.0	676823.2
	2111995.6	676824.8
	2111997.9	676825.6
	2112003.6	676826.1
	2112003.9	676824.6
	2111995.3	676823.0
	2111994.0	676823.2
END		
226	2112000.6	676823.2
	2111993.9	676821.2
	2111993.0	676822.2
	2111994.0	676823.2
	2111995.3	676823.0
	2112003.9	676824.6
	2112004.7	676822.7
	2112001.5	676822.6
	2111993.9	676821.2
END		
227	2111999.8	676830.5
	2111997.9	676829.2
	2111997.2	676829.7
	2111997.0	676830.1
	2111999.2	676831.0
	2112000.9	676831.4
	2112002.3	676831.4
	2112003.2	676831.1
	2111997.9	676829.2
END		
228	2112000.8	676829.7
	2112000.9	676828.9
	2112000.1	676829.2
	2111998.6	676828.8
	2111997.9	676829.2
	2112003.2	676831.1
	2112003.6	676831.1
	2112003.8	676831.0
	2112003.8	676830.7
	2112000.9	676828.9
END		
229	2112000.8	676827.3
	2112003.6	676826.1
	2111997.9	676825.6
	2111997.5	676826.9
	2112000.9	676828.9
	2112002.6	676829.9
	2112003.6	676826.1
END		
230	2112005.0	676828.0
	2112003.6	676826.1
	2112002.6	676829.9
	2112003.8	676830.7
	2112006.3	676829.7
	2112007.1	676826.8
	2112003.6	676826.1
END		
231	2112004.9	676831.0
	2112008.2	676831.7
	2112005.6	676830.9
	2112004.6	676830.4
	2112003.8	676830.7
	2112003.8	676831.0
	2112004.1	676831.2
	2112004.5	676831.3
	2112004.9	676831.6
	2112005.8	676831.6
	2112007.0	676831.5
	2112007.7	676831.9
	2112008.1	676831.8
	2112008.2	676831.7
END		
232	2112006.0	676830.5
	2112006.3	676829.7
	2112004.6	676830.4
	2112005.6	676830.9
	2112008.2	676831.7
	2112008.5	676830.8
	2112007.8	676830.9
	2112006.3	676829.7
END		
233	2112010.3	676828.9
	2112007.1	676826.8
	2112006.6	676828.6
	2112012.4	676830.3
	2112013.0	676828.2
	2112007.1	676826.8
END		
234	2112010.1	676826.8
	2112003.9	676824.6
	2112003.6	676826.1
	2112007.1	676826.8
	2112013.0	676828.2
	2112013.3	676826.8
	2112003.9	676824.6
END		
235	2112008.0	676824.3
	2112004.7	676822.7
	2112003.9	676824.6
	2112013.3	676826.8
	2112011.4	676823.2
	2112004.7	676822.7
END		
236	2111985.2	676794.0
	2111986.1	676793.7
	2111984.4	676792.9
	2111983.7	676793.9
	2111987.0	676795.6
	2111987.5	676794.6
	2111986.1	676793.7
END		
237	2111987.2	676793.9
	2111986.6	676793.1
	2111986.1	676793.7
	2111987.5	676794.6
	2111992.8	676797.0
	2111993.0	676796.6
	2111990.0	676795.2
	2111988.5	676794.2
	2111986.6	676793.1
END		
238	2111988.7	676795.8
	2111992.8	676797.0
	2111987.5	676794.6
	2111987.0	676795.6
	2111987.9	676796.1
	2111992.0	676797.6
	2111992.6	676797.6
	2111992.8	676797.0
END		
239	2111997.2	676798.7
	2111993.0	676796.6
	2111992.8	676797.0
	2111997.8	676799.2
	2111998.1	676798.8
	2111993.0	676796.6
END		
240	2111994.5	676798.1
	2111997.8	676799.2
	2111992.8	676797.0
	2111992.6	676797.6
	2111997.6	676799.8
	2111997.8	676799.2
END		
241	2111993.0	676799.9
	2111997.6	676799.8
	2111992.6	676797.6
	2111992.0	676797.6
	2111987.9	676796.1
	2111986.6	676799.0
	2111987.4	676799.5
	2111995.7	676802.4
	2111997.6	676799.8
END		
242	2111992.9	676803.1
	2111995.7	676802.4
	2111987.4	676799.5
	2111987.5	676800.5
	2111988.1	676802.0
	2111991.7	676803.8
	2111992.3	676805.0
	2111994.8	676805.5
	2111995.7	676802.4
END		
243	2111995.0	676807.4
	2111994.8	676805.5
	2111992.3	676805.0
	2111991.0	676807.1
	2111999.6	676810.9
	2112001.8	676807.8
	2111997.5	676807.2
	2111994.8	676805.5
END		
244	2111999.2	676805.7
	2111995.7	676802.4
	2111994.8	676805.5
	2111997.5	676807.2
	2112001.8	676807.8
	2112003.5	676805.8
	2111995.7	676802.4
END		
245	2111999.2	676802.2
	2111997.6	676799.8
	2111995.7	676802.4
	2112003.5	676805.8
	2112005.4	676803.5
	2111997.6	676799.8
END		
246	2111999.6	676800.3
	2111997.8	676799.2
	2111997.6	676799.8
	2112000.3	676801.1
	2112000.7	676800.4
	2111997.8	676799.2
END		
247	2111999.0	676799.4
	2111998.1	676798.8
	2111997.8	676799.2
	2112000.2	676800.2
	2112000.4	676799.7
	2111999.6	676799.2
	2111998.1	676798.8
END		
248	2112004.6	676801.1
	2112000.4	676799.7
	2112000.2	676800.2
	2112000.7	676800.4
	2112002.1	676800.9
	2112006.1	676802.1
	2112006.4	676801.0
	2112005.0	676800.8
	2112003.5	676800.8
	2112002.6	676800.4
	2112002.3	676800.5
	2112000.9	676799.9
	2112000.4	676799.7
END		
249	2112001.7	676801.4
	2112002.6	676801.1
	2112002.1	676800.9
	2112000.7	676800.4
	2112000.3	676801.1
	2112002.2	676802.0
	2112002.6	676801.1
END		
250	2112005.5	676802.6
	2112006.1	676802.1
	2112002.6	676801.1
	2112002.2	676802.0
	2112005.4	676803.5
	2112007.2	676803.6
	2112007.8	676802.3
	2112006.1	676802.1
END		
251	2112006.4	676804.6
	2112007.2	676803.6
	2112005.4	676803.5
	2112004.5	676804.6
	2112006.9	676806.3
	2112008.7	676804.3
	2112007.2	676803.6
END		
252	2112007.6	676801.9
	2112006.4	676801.0
	2112006.1	676802.1
	2112007.8	676802.3
	2112008.8	676802.4
	2112009.2	676801.4
	2112006.4	676801.0
END		
253	2112004.7	676807.2
	2112006.9	676806.3
	2112004.5	676804.6
	2112003.5	676805.8
	2112001.8	676807.8
	2112007.3	676809.0
	2112006.9	676806.3
END		
254	2112009.9	676802.1
	2112009.2	676801.4
	2112008.8	676802.4
	2112009.5	676802.6
	2112010.9	676802.5
	2112010.9	676801.5
	2112009.7	676801.6
	2112009.2	676801.4
END		
255	2112008.8	676803.1
	2112010.9	676802.5
	2112009.5	676802.6
	2112008.8	676802.4
	2112007.8	676802.3
	2112007.2	676803.6
	2112008.7	676804.3
	2112010.9	676802.5
END		
256	2112012.5	676803.0
	2112010.9	676802.5
	2112009.8	676803.4
	2112014.0	676803.7
	2112015.3	676803.9
	2112014.8	676802.9
	2112010.9	676802.5
END		
257	2112012.8	676802.0
	2112010.9	676801.5
	2112010.9	676802.5
	2112014.8	676802.9
	2112014.6	676801.6
	2112013.2	676801.3
	2112010.9	676801.5
END		
258	2112016.5	676802.0
	2112014.6	676801.6
	2112014.7	676802.1
	2112018.4	676803.4
	2112019.0	676802.4
	2112017.3	676801.5
	2112015.6	676801.4
	2112014.8	676801.1
	2112014.6	676801.6
END		
259	2112016.6	676803.6
	2112018.4	676803.4
	2112014.7	676802.1
	2112014.8	676802.9
	2112015.3	676803.9
	2112015.4	676804.3
	2112016.1	676804.6
	2112017.5	676803.8
	2112018.4	676803.4
END		
260	2112007.9	676806.7
	2112008.1	676805.0
	2112006.9	676806.3
	2112007.3	676809.0
	2112008.8	676809.3
	2112008.4	676808.3
	2112008.9	676807.0
	2112008.8	676806.0
	2112008.1	676805.0
END		
261	2112008.7	676805.0
	2112009.8	676803.4
	2112008.7	676804.3
	2112008.1	676805.0
	2112008.8	676806.0
	2112009.4	676804.9
	2112010.6	676804.3
	2112009.8	676803.4
END		
262	2112011.8	676804.0
	2112013.4	676803.7
	2112009.8	676803.4
	2112010.6	676804.3
	2112013.2	676804.4
	2112013.4	676803.7
END		
263	2112009.6	676805.4
	2112010.9	676804.3
	2112010.6	676804.3
	2112009.4	676804.9
	2112008.8	676806.0
	2112008.9	676807.0
	2112009.5	676806.7
	2112009.4	676806.3
	2112009.6	676805.9
	2112010.9	676804.3
END		
264	2112011.2	676804.8
	2112011.4	676804.3
	2112010.9	676804.3
	2112009.6	676805.9
	2112009.5	676805.9
	2112010.5	676805.7
	2112010.9	676805.4
	2112011.4	676805.3
	2112012.4	676806.4
	2112013.0	676806.8
	2112013.5	676806.3
	2112011.4	676804.3
END		
265	2112013.0	676805.1
	2112013.2	676804.4
	2112011.4	676804.3
	2112013.5	676806.3
	2112014.3	676805.8
	2112013.2	676804.4
END		
266	2112014.3	676804.5
	2112015.4	676804.3
	2112015.3	676803.9
	2112014.0	676803.7
	2112013.4	676803.7
	2112013.2	676804.4
	2112014.3	676805.8
	2112014.7	676805.6
	2112015.4	676804.3
END		
267	2112010.7	676807.9
	2112009.5	676806.7
	2112008.9	676807.0
	2112011.4	676808.6
	2112012.1	676808.6
	2112012.0	676808.2
	2112011.6	676808.2
	2112009.7	676806.9
	2112009.5	676806.7
END		
268	2112009.4	676808.4
	2112010.4	676807.9
	2112008.9	676807.0
	2112008.4	676808.3
	2112008.8	676809.3
	2112010.0	676809.1
	2112010.4	676807.9
END		
269	2112011.2	676808.8
	2112012.1	676808.6
	2112011.4	676808.6
	2112010.4	676807.9
	2112010.0	676809.1
	2112013.2	676810.2
	2112012.1	676808.6
END		
270	2112011.9	676810.6
	2112013.2	676810.2
	2112010.0	676809.1
	2112009.3	676809.2
	2112009.5	676809.7
	2112010.9	676810.8
	2112013.4	676811.6
	2112013.2	676810.2
END		
271	2112014.1	676811.2
	2112012.1	676808.6
	2112013.2	676810.2
	2112013.4	676811.6
	2112014.3	676812.0
	2112015.1	676811.7
	2112013.4	676808.3
	2112012.7	676808.2
	2112012.1	676808.6
END		
272	2112013.3	676808.0
	2112013.4	676808.3
	2112015.0	676808.2
	2112014.6	676808.0
	2112012.6	676807.5
	2112012.0	676808.2
	2112012.1	676808.6
	2112012.7	676808.2
	2112013.4	676808.3
END		
273	2112011.1	676806.6
	2112014.0	676807.7
	2112013.7	676807.4
	2112012.6	676806.9
	2112011.8	676806.3
	2112011.4	676805.8
	2112009.8	676806.3
	2112010.2	676806.9
	2112011.8	676807.8
	2112011.9	676807.8
	2112012.5	676807.0
	2112014.0	676807.7
END		
274	2112001.7	676811.3
	2112000.5	676809.6
	2111999.6	676810.9
	2112004.5	676813.3
	2112007.3	676813.8
	2112000.5	676809.6
END		
275	2112004.8	676810.2
	2112007.5	676809.0
	2112007.3	676809.0
	2112001.8	676807.8
	2112000.5	676809.6
	2112007.3	676813.8
	2112008.9	676811.8
	2112007.5	676809.0
END		
276	2112004.6	676814.1
	2112007.3	676813.8
	2112004.5	676813.3
	2111999.6	676810.9
	2111998.8	676812.1
	2112005.6	676816.2
	2112007.3	676813.8
END		
277	2112000.2	676814.5
	2112005.6	676816.2
	2111998.8	676812.1
	2111998.7	676812.4
	2111997.7	676813.5
	2111997.6	676815.8
	2112004.5	676818.1
	2112005.6	676816.2
END		
278	2112012.6	676812.7
	2112014.3	676812.0
	2112013.4	676811.6
	2112010.9	676810.8
	2112009.5	676809.7
	2112009.3	676809.2
	2112008.8	676809.3
	2112009.3	676810.4
	2112012.6	676813.6
	2112014.3	676812.0
END		
279	2112011.3	676813.3
	2112012.6	676813.6
	2112009.3	676810.4
	2112008.8	676809.3
	2112007.5	676809.0
	2112008.9	676811.8
	2112011.4	676814.4
	2112012.6	676813.6
END		
280	2112015.8	676812.7
	2112015.1	676811.7
	2112014.3	676812.0
	2112012.6	676813.6
	2112015.1	676814.4
	2112016.3	676814.2
	2112018.3	676815.1
	2112019.4	676814.1
	2112016.6	676811.1
	2112015.1	676811.7
END		
281	2112015.2	676810.3
	2112016.6	676811.1
	2112014.2	676808.3
	2112013.4	676808.3
	2112015.1	676811.7
	2112016.6	676811.1
END		
282	2112016.0	676815.9
	2112018.3	676815.1
	2112016.3	676814.2
	2112015.1	676814.4
	2112012.6	676813.6
	2112011.4	676814.4
	2112016.9	676817.4
	2112018.3	676815.1
END		
283	2112010.2	676814.7
	2112016.9	676817.4
	2112011.4	676814.4
	2112008.9	676811.8
	2112007.3	676813.8
	2112009.4	676815.7
	2112016.0	676819.1
	2112016.9	676817.4
END		
284	2112007.9	676816.0
	2112016.0	676819.1
	2112009.4	676815.7
	2112007.3	676813.8
	2112005.6	676816.2
	2112014.8	676819.4
	2112016.0	676819.1
END		
285	2112010.6	676819.4
	2112014.8	676819.4
	2112005.6	676816.2
	2112004.5	676818.1
	2112007.2	676820.0
	2112009.0	676820.0
	2112010.4	676821.3
	2112012.1	676821.5
	2112014.8	676819.4
END		
286	2112001.0	676819.1
	2111997.6	676815.8
	2111997.6	676820.5
	2112004.2	676821.2
	2112004.5	676818.1
	2111997.6	676815.8
END		
287	2112015.2	676824.2
	2112014.8	676819.4
	2112012.1	676821.5
	2112011.4	676823.2
	2112013.3	676826.8
	2112020.2	676827.4
	2112017.7	676822.5
	2112014.8	676819.4
END		
288	2112020.9	676825.7
	2112016.0	676819.1
	2112014.8	676819.4
	2112017.7	676822.5
	2112020.2	676827.4
	2112023.1	676826.4
	2112019.6	676822.3
	2112016.0	676819.1
END		
289	2112023.7	676825.0
	2112016.0	676819.1
	2112019.6	676822.3
	2112023.1	676826.4
	2112026.1	676825.4
	2112021.6	676821.6
	2112016.0	676819.1
END		
290	2112018.7	676828.0
	2112023.1	676826.4
	2112020.2	676827.4
	2112013.3	676826.8
	2112013.0	676828.2
	2112026.1	676830.5
	2112023.1	676826.4
END		
291	2112027.3	676828.4
	2112026.1	676825.4
	2112023.1	676826.4
	2112026.1	676830.5
	2112032.4	676830.3
	2112026.1	676825.4
END		
292	2112018.0	676830.4
	2112023.1	676829.9
	2112013.0	676828.2
	2112012.4	676830.3
	2112022.4	676831.8
	2112023.1	676829.9
END		
293	2112025.0	676832.2
	2112026.1	676830.5
	2112023.1	676829.9
	2112022.4	676831.8
	2112024.7	676833.7
	2112027.5	676832.9
	2112026.1	676830.5
END		
294	2112009.0	676830.0
	2112008.5	676830.8
	2112012.4	676830.3
	2112006.6	676828.6
	2112006.3	676829.7
	2112007.8	676830.9
	2112008.5	676830.8
END		
295	2112012.3	676832.2
	2112012.4	676830.3
	2112008.5	676830.8
	2112008.2	676831.7
	2112008.2	676831.7
	2112010.9	676832.2
	2112011.9	676833.2
	2112013.3	676833.5
	2112013.8	676832.4
	2112012.4	676830.3
END		
296	2112009.8	676832.6
	2112008.3	676831.7
	2112009.1	676832.8
	2112010.3	676833.2
	2112010.9	676832.2
	2112008.3	676831.7
END		
297	2112011.2	676833.3
	2112013.3	676833.5
	2112011.9	676833.2
	2112010.9	676832.2
	2112010.3	676833.2
	2112010.9	676833.8
	2112012.8	676833.9
	2112013.3	676833.5
END		
298	2112010.5	676833.7
	2112008.4	676832.3
	2112008.8	676832.6
	2112008.7	676832.8
	2112009.4	676833.5
	2112009.7	676833.5
	2112010.1	676833.4
	2112010.2	676833.8
	2112011.0	676834.1
	2112012.1	676834.3
	2112012.7	676834.2
	2112012.8	676833.9
	2112010.9	676833.8
	2112010.3	676833.2
	2112009.1	676832.8
	2112008.3	676831.7
	2112008.2	676831.7
	2112008.1	676831.8
	2112007.7	676831.9
	2112008.4	676832.3
END		
299	2112021.7	676832.8
	2112024.7	676833.7
	2112022.4	676831.8
	2112012.4	676830.3
	2112013.8	676832.4
	2112019.2	676832.5
	2112022.5	676834.5
	2112024.7	676833.7
END		
300	2112014.8	676833.0
	2112016.5	676832.4
	2112013.8	676832.4
	2112013.3	676833.5
	2112014.4	676833.6
	2112015.5	676834.0
	2112016.5	676832.4
END		
301	2112019.0	676833.5
	2112016.1	676833.0
	2112018.6	676834.4
	2112020.2	676834.6
	2112021.5	676835.1
	2112022.2	676835.0
	2112022.5	676834.5
	2112019.2	676832.5
	2112016.5	676832.4
	2112016.1	676833.0
END		
302	2112016.4	676833.5
	2112018.6	676834.4
	2112016.1	676833.0
	2112016.0	676833.2
	2112015.5	676834.0
	2112015.7	676834.0
	2112017.8	676834.2
	2112018.6	676834.4
END		
303	2112014.0	676833.9
	2112016.3	676834.3
	2112016.8	676834.3
	2112016.9	676834.2
	2112015.7	676834.0
	2112015.5	676834.0
	2112014.4	676833.6
	2112013.3	676833.5
	2112012.8	676833.9
	2112012.7	676834.2
	2112014.9	676834.4
	2112016.3	676834.3
END		
304	2112020.2	676835.1
	2112021.5	676835.1
	2112020.2	676834.6
	2112017.8	676834.2
	2112016.9	676834.2
	2112016.8	676834.3
	2112019.4	676835.2
	2112021.0	676835.7
	2112021.5	676835.1
END		
305	2112017.2	676834.6
	2112019.4	676835.2
	2112016.8	676834.3
	2112016.3	676834.3
	2112014.9	676834.4
	2112013.8	676834.3
	2112013.7	676834.5
	2112013.7	676834.7
	2112014.2	676834.4
	2112015.2	676834.5
	2112016.3	676834.4
	2112017.0	676834.8
	2112021.1	676835.9
	2112021.0	676835.7
	2112019.4	676835.2
END		
306	2112021.9	676835.4
	2112021.1	676835.9
	2112021.9	676836.0
	2112023.5	676836.7
	2112022.2	676835.0
	2112021.5	676835.1
	2112021.0	676835.7
	2112021.1	676835.9
END		
307	2112027.7	676836.6
	2112031.4	676836.7
	2112022.2	676835.0
	2112023.0	676836.0
	2112025.1	676836.8
	2112026.9	676837.1
	2112031.0	676837.7
	2112031.4	676836.7
END		
308	2112024.3	676836.7
	2112025.1	676836.8
	2112023.0	676836.0
	2112023.5	676836.7
	2112025.1	676837.1
	2112025.7	676837.5
	2112026.6	676837.6
	2112027.5	676837.8
	2112027.7	676837.2
	2112026.9	676837.1
	2112026.6	676837.0
	2112025.1	676836.8
END		
309	2112025.8	676833.8
	2112027.5	676832.9
	2112024.7	676833.7
	2112023.5	676834.1
	2112027.2	676834.5
	2112027.5	676832.9
END		
310	2112024.8	676834.9
	2112027.2	676834.5
	2112023.5	676834.1
	2112022.5	676834.5
	2112022.2	676835.0
	2112027.5	676836.0
	2112027.2	676834.5
END		
311	2112029.7	676835.2
	2112032.5	676833.8
	2112027.5	676832.9
	2112027.2	676834.5
	2112027.5	676836.0
	2112031.4	676836.7
	2112031.5	676836.4
	2112032.5	676833.8
END		
312	2112030.1	676831.7
	2112033.6	676831.1
	2112032.4	676830.3
	2112026.1	676830.5
	2112027.5	676832.9
	2112032.5	676833.8
	2112032.6	676833.6
	2112032.9	676832.8
	2112033.6	676831.1
END		
313	2112015.7	676806.2
	2112016.1	676804.6
	2112015.4	676804.3
	2112014.7	676805.6
	2112015.9	676807.5
	2112016.8	676806.9
	2112016.0	676805.7
	2112015.6	676805.5
	2112016.1	676804.6
END		
314	2112014.0	676806.7
	2112014.7	676805.6
	2112014.3	676805.8
	2112013.5	676806.3
	2112013.0	676806.8
	2112014.2	676807.4
	2112014.6	676808.0
	2112015.0	676808.2
	2112015.2	676808.4
	2112014.7	676805.6
END		
315	2112017.4	676811.2
	2112015.2	676808.4
	2112015.0	676808.2
	2112014.2	676808.3
	2112016.6	676811.1
	2112017.3	676811.9
	2112018.6	676810.7
	2112016.5	676809.7
	2112015.2	676808.4
END		
316	2112016.2	676808.6
	2112015.9	676807.5
	2112014.7	676805.6
	2112015.2	676808.4
	2112016.5	676809.7
	2112018.6	676810.7
	2112019.7	676809.9
	2112017.4	676809.0
	2112015.9	676807.5
END		
317	2112018.2	676808.7
	2112016.8	676806.9
	2112015.9	676807.5
	2112017.4	676809.0
	2112019.7	676809.9
	2112020.3	676809.2
	2112019.1	676808.5
	2112017.8	676808.0
	2112016.8	676806.9
END		
318	2112018.7	676812.1
	2112018.6	676810.7
	2112017.3	676811.9
	2112019.4	676814.1
	2112020.9	676813.3
	2112018.6	676810.7
END		
319	2112021.7	676812.4
	2112019.7	676809.9
	2112018.6	676810.7
	2112020.9	676813.3
	2112024.3	676816.2
	2112025.4	676815.4
	2112025.5	676814.6
	2112021.3	676810.5
	2112019.7	676809.9
END		
320	2112021.0	676809.9
	2112020.3	676809.2
	2112019.7	676809.9
	2112021.3	676810.5
	2112023.2	676811.3
	2112024.8	676812.6
	2112025.5	676811.8
	2112023.4	676810.4
	2112020.8	676809.3
	2112020.3	676809.2
END		
321	2112025.2	676813.8
	2112024.8	676812.6
	2112023.2	676811.3
	2112021.3	676810.5
	2112025.5	676814.6
	2112026.1	676813.3
	2112024.8	676812.6
END		
322	2112027.3	676815.0
	2112026.1	676813.3
	2112025.5	676814.6
	2112025.4	676815.4
	2112029.5	676816.1
	2112029.7	676815.2
	2112026.1	676813.3
END		
323	2112028.4	676813.2
	2112025.5	676811.8
	2112024.8	676812.6
	2112026.1	676813.3
	2112029.7	676815.2
	2112032.6	676815.6
	2112033.1	676814.6
	2112028.7	676811.5
	2112025.5	676811.8
END		
324	2112036.7	676817.5
	2112032.6	676815.6
	2112038.1	676819.5
	2112038.3	676819.0
	2112038.7	676817.9
	2112035.4	676815.8
	2112034.4	676815.5
	2112033.1	676814.6
	2112032.6	676815.6
END		
325	2112031.9	676816.3
	2112029.5	676816.1
	2112035.6	676818.6
	2112037.6	676820.8
	2112038.1	676819.5
	2112032.6	676815.6
	2112029.7	676815.2
	2112029.5	676816.1
END		
326	2112031.5	676827.1
	2112034.4	676828.9
	2112034.8	676828.1
	2112035.0	676827.4
	2112024.3	676819.6
	2112021.6	676821.6
	2112026.1	676825.4
	2112030.8	676829.0
	2112034.4	676828.9
END		
327	2112021.5	676815.8
	2112024.3	676816.2
	2112020.9	676813.3
	2112019.4	676814.1
	2112018.3	676815.1
	2112022.9	676819.3
	2112024.3	676819.6
	2112026.1	676817.4
	2112024.3	676816.2
END		
328	2112018.7	676816.8
	2112016.9	676817.4
	2112019.9	676819.1
	2112022.9	676819.3
	2112018.3	676815.1
	2112016.9	676817.4
END		
329	2112034.4	676819.5
	2112025.4	676815.4
	2112037.0	676822.3
	2112037.6	676820.8
	2112035.6	676818.6
	2112029.5	676816.1
	2112025.4	676815.4
END		
330	2112035.3	676822.3
	2112026.1	676817.4
	2112036.3	676824.1
	2112036.8	676822.6
	2112037.0	676822.3
	2112025.4	676815.4
	2112024.3	676816.2
	2112026.1	676817.4
END		
331	2112032.4	676823.4
	2112024.3	676819.6
	2112035.0	676827.4
	2112035.4	676826.3
	2112036.2	676824.5
	2112036.3	676824.1
	2112026.1	676817.4
	2112024.3	676819.6
END		
332	2112018.0	676819.1
	2112024.3	676819.6
	2112022.9	676819.3
	2112019.9	676819.1
	2112016.9	676817.4
	2112016.0	676819.1
	2112021.6	676821.6
	2112024.3	676819.6
END		
333	2112033.0	676829.8
	2112034.4	676828.9
	2112030.8	676829.0
	2112032.4	676830.3
	2112033.6	676831.1
	2112034.0	676830.0
	2112034.4	676828.9
END		
334	2111901.2	676769.2
	2111900.3	676768.7
	2111900.0	676769.8
	2111901.1	676769.6
	2111905.7	676770.8
	2111908.0	676771.2
	2111901.2	676768.9
	2111900.3	676768.7
END		
335	2111913.0	676772.6
	2111909.1	676771.5
	2111910.8	676772.5
	2111911.7	676772.7
	2111914.4	676772.9
	2111915.9	676773.4
	2111914.4	676772.5
	2111911.5	676772.2
	2111909.1	676771.5
END		
336	2111918.0	676773.7
	2111916.2	676772.8
	2111915.9	676773.4
	2111918.6	676774.2
	2111920.0	676775.1
	2111920.0	676774.5
	2111918.7	676773.6
	2111916.2	676772.8
END		
337	2111921.4	676775.5
	2111925.2	676776.3
	2111923.5	676775.7
	2111921.7	676775.4
	2111920.0	676774.8
	2111920.0	676775.1
	2111919.8	676775.3
	2111922.4	676776.0
	2111923.7	676775.9
	2111925.0	676776.4
	2111925.2	676776.3
END		
338	2111901.3	676768.5
	2111902.6	676768.6
	2111901.1	676768.1
	2111900.8	676768.1
	2111900.5	676768.0
	2111900.3	676768.7
	2111901.2	676768.9
	2111902.3	676769.3
	2111902.6	676768.6
END		
339	2111903.3	676769.3
	2111905.4	676769.7
	2111902.6	676768.6
	2111902.3	676769.3
	2111905.2	676770.3
	2111905.4	676769.7
END		
340	2111905.9	676770.2
	2111906.4	676770.1
	2111905.4	676769.7
	2111905.2	676770.3
	2111908.0	676771.2
	2111909.1	676771.5
	2111909.8	676771.7
	2111911.5	676772.2
	2111911.4	676771.8
	2111909.9	676771.3
	2111909.2	676771.1
	2111906.4	676770.1
END		
341	2111915.4	676772.7
	2111912.3	676771.9
	2111911.4	676771.8
	2111911.5	676772.2
	2111912.3	676772.3
	2111914.4	676772.5
	2111915.9	676773.4
	2111916.2	676772.8
	2111915.5	676772.5
	2111914.4	676772.1
	2111912.3	676771.9
END		
342	2111926.0	676776.0
	2111927.4	676775.9
	2111926.9	676775.7
	2111926.1	676775.7
	2111925.8	676775.6
	2111924.3	676775.4
	2111924.1	676775.1
	2111921.7	676774.7
	2111920.0	676774.5
	2111920.0	676774.8
	2111921.5	676775.3
	2111921.7	676775.4
	2111923.5	676775.7
	2111925.2	676776.3
	2111928.5	676777.0
	2111928.9	676777.1
	2111929.2	676776.6
	2111928.3	676776.5
	2111928.3	676776.3
	2111927.6	676776.2
	2111927.4	676775.9
END		
343	2111935.8	676777.7
	2111929.2	676776.6
	2111928.9	676777.1
	2111933.3	676777.5
	2111937.4	676778.5
	2111937.6	676777.6
	2111933.9	676777.1
	2111930.1	676776.5
	2111929.2	676776.6
END		
344	2111940.7	676778.7
	2111937.6	676777.6
	2111937.4	676778.5
	2111943.1	676779.4
	2111946.9	676780.4
	2111947.3	676779.7
	2111937.6	676777.6
END		
345	2111949.1	676780.5
	2111949.6	676780.0
	2111947.3	676779.7
	2111946.9	676780.4
	2111951.0	676781.3
	2111952.9	676781.7
	2111953.0	676781.5
	2111951.3	676780.9
	2111949.6	676780.0
END		
346	2111952.4	676782.2
	2111952.9	676781.7
	2111951.0	676781.3
	2111951.2	676782.1
	2111952.0	676782.8
	2111953.2	676782.8
	2111953.5	676782.3
	2111952.9	676781.7
END		
347	2111957.8	676783.8
	2111954.2	676782.2
	2111953.0	676781.5
	2111952.9	676781.7
	2111953.9	676782.6
	2111954.0	676782.7
	2111956.1	676783.6
	2111958.4	676784.2
	2111958.7	676784.3
	2111959.0	676783.6
	2111956.1	676783.1
	2111954.2	676782.2
END		
348	2111959.8	676784.3
	2111959.0	676783.6
	2111958.7	676784.3
	2111962.5	676785.4
	2111962.3	676784.9
	2111959.0	676783.6
END		
349	2111963.8	676785.2
	2111966.9	676786.3
	2111967.8	676786.5
	2111967.8	676786.2
	2111966.4	676785.5
	2111965.7	676785.3
	2111963.9	676784.9
	2111962.3	676784.9
	2111962.5	676785.4
	2111963.1	676785.6
	2111963.6	676785.5
	2111964.8	676785.7
	2111965.6	676785.7
	2111966.3	676785.8
	2111966.9	676786.3
END		
350	2111971.0	676787.1
	2111972.3	676787.2
	2111971.1	676786.7
	2111969.8	676786.7
	2111968.6	676786.3
	2111967.8	676786.2
	2111967.8	676786.4
	2111967.8	676786.5
	2111968.8	676786.7
	2111969.5	676787.0
	2111971.3	676787.3
	2111972.1	676787.7
	2111972.3	676787.2
END		
351	2111974.5	676787.6
	2111972.1	676787.7
	2111972.7	676788.0
	2111973.4	676788.2
	2111974.5	676788.2
	2111975.9	676787.9
	2111976.9	676787.3
	2111977.4	676787.0
	2111976.7	676786.7
	2111972.1	676787.7
END		
352	2111973.6	676785.0
	2111974.6	676787.1
	2111973.8	676784.4
	2111973.0	676784.4
	2111973.6	676786.3
	2111972.3	676787.2
	2111972.1	676787.7
	2111974.6	676787.1
END		
353	2111974.5	676785.0
	2111975.3	676787.0
	2111975.0	676784.4
	2111973.8	676784.4
	2111974.6	676787.1
	2111975.3	676787.0
END		
354	2111976.5	676785.5
	2111975.0	676784.4
	2111975.3	676787.0
	2111976.7	676786.7
	2111977.4	676787.0
	2111978.0	676786.6
	2111978.1	676785.6
	2111976.6	676784.4
	2111975.0	676784.4
END		
355	2111978.1	676788.0
	2111977.4	676787.0
	2111976.9	676787.3
	2111977.3	676788.6
	2111977.9	676788.5
	2111979.6	676789.6
	2111979.4	676788.2
	2111977.4	676787.0
END		
356	2111978.4	676787.3
	2111978.0	676786.6
	2111977.4	676787.0
	2111979.4	676788.2
	2111979.9	676788.0
	2111978.0	676786.6
END		
357	2111982.5	676790.7
	2111979.6	676789.0
	2111979.6	676789.6
	2111980.5	676790.1
	2111983.0	676791.3
	2111984.5	676791.8
	2111984.6	676791.3
	2111981.3	676789.8
	2111979.6	676789.0
END		
358	2111980.5	676788.8
	2111979.9	676788.0
	2111979.4	676788.2
	2111979.6	676789.0
	2111981.3	676789.8
	2111982.1	676790.1
	2111982.4	676789.3
	2111979.9	676788.0
END		
359	2111983.2	676790.1
	2111982.4	676789.3
	2111982.1	676790.1
	2111984.6	676791.3
	2111984.7	676790.3
	2111982.4	676789.3
END		
360	2111985.5	676791.5
	2111984.7	676790.3
	2111984.6	676791.3
	2111984.5	676791.8
	2111985.8	676792.3
	2111986.5	676791.7
	2111985.9	676790.7
	2111984.7	676790.3
END		
361	2111986.7	676792.9
	2111986.8	676792.8
	2111986.2	676792.0
	2111985.8	676792.3
	2111986.6	676793.1
	2111988.5	676794.2
	2111990.0	676795.2
	2111991.7	676796.0
	2111992.5	676796.4
	2111992.3	676796.1
	2111991.7	676795.7
	2111990.5	676795.1
	2111986.8	676792.8
END		
362	2111992.8	676796.2
	2111987.1	676792.5
	2111986.5	676791.7
	2111986.2	676792.0
	2111986.8	676792.8
	2111990.5	676795.1
	2111991.7	676795.7
	2111992.3	676796.1
	2111992.5	676796.4
	2111993.0	676796.6
	2111993.2	676796.7
	2111994.6	676797.3
	2111995.0	676797.2
	2111993.4	676796.3
	2111992.4	676795.8
	2111990.3	676794.7
	2111987.1	676792.5
END		
363	2111996.1	676797.8
	2111999.9	676799.1
	2111997.2	676798.2
	2111995.9	676797.5
	2111995.8	676797.5
	2111995.0	676797.2
	2111994.6	676797.3
	2111996.5	676798.1
	2111998.1	676798.8
	2111999.6	676799.2
	2112000.1	676799.5
	2112000.4	676799.7
	2112000.9	676799.9
	2112002.3	676800.5
	2112002.6	676800.4
	2112002.5	676800.2
	2112000.2	676799.3
	2111999.9	676799.1
END		
364	2111997.9	676798.3
	2111997.1	676797.9
	2111995.3	676797.1
	2111995.0	676797.2
	2111995.8	676797.5
	2111995.9	676797.5
	2111997.2	676798.2
	2111999.9	676799.1
	2112000.0	676798.9
	2111998.6	676798.4
	2111997.1	676797.9
END		
365	2112006.8	676800.2
	2112002.5	676800.2
	2112002.6	676800.4
	2112003.5	676800.8
	2112005.0	676800.8
	2112006.4	676801.0
	2112007.9	676801.2
	2112008.0	676800.2
	2112006.6	676800.0
	2112005.3	676800.3
	2112003.6	676800.0
	2112002.5	676800.2
END		
366	2112007.3	676799.7
	2112005.3	676800.3
	2112006.6	676800.0
	2112008.0	676800.2
	2112008.3	676799.2
	2112007.2	676799.3
	2112006.5	676799.7
	2112005.4	676800.0
	2112003.4	676799.8
	2112002.5	676800.0
	2112002.0	676799.8
	2112001.3	676799.6
	2112000.0	676798.9
	2111999.9	676799.1
	2112000.2	676799.3
	2112002.5	676800.2
	2112003.6	676800.0
	2112005.3	676800.3
END		
367	2112011.0	676799.9
	2112008.3	676799.2
	2112008.0	676800.2
	2112010.2	676800.5
	2112013.9	676800.2
	2112014.0	676799.4
	2112012.6	676799.7
	2112011.2	676799.3
	2112008.3	676799.2
END		
368	2112010.2	676801.1
	2112012.4	676801.4
	2112012.4	676800.3
	2112010.2	676800.5
	2112008.0	676800.2
	2112007.9	676801.2
	2112009.2	676801.4
	2112009.7	676801.6
	2112010.9	676801.5
	2112012.4	676801.4
END		
369	2112018.6	676799.2
	2112014.0	676799.4
	2112013.9	676800.2
	2112021.3	676799.9
	2112021.2	676799.0
	2112020.5	676797.8
	2112017.9	676798.2
	2112016.2	676798.9
	2112015.9	676799.3
	2112014.0	676799.4
END		
370	2112015.8	676800.9
	2112019.3	676800.0
	2112013.9	676800.2
	2112012.4	676800.3
	2112012.4	676801.4
	2112013.2	676801.3
	2112014.6	676801.6
	2112014.8	676801.1
	2112015.6	676801.4
	2112017.3	676801.5
	2112019.0	676802.4
	2112019.3	676800.0
END		
371	2112020.1	676801.5
	2112021.3	676799.9
	2112019.3	676800.0
	2112019.0	676802.4
	2112018.4	676803.4
	2112017.8	676803.7
	2112020.8	676804.0
	2112021.3	676801.0
	2112021.4	676800.3
	2112021.3	676799.9
END		
372	2112016.4	676805.2
	2112016.4	676804.4
	2112016.1	676804.6
	2112015.6	676805.5
	2112016.0	676805.7
	2112016.5	676806.5
	2112017.1	676806.1
	2112017.1	676805.3
	2112016.4	676804.4
END		
373	2112017.9	676804.3
	2112019.6	676803.9
	2112017.8	676803.7
	2112017.5	676803.8
	2112016.4	676804.4
	2112017.1	676805.3
	2112018.7	676804.9
	2112019.6	676803.9
END		
374	2112019.6	676804.8
	2112020.8	676804.0
	2112019.6	676803.9
	2112018.7	676804.9
	2112017.8	676805.1
	2112018.8	676806.1
	2112019.9	676805.2
	2112020.8	676804.3
	2112020.8	676804.0
END		
375	2112017.9	676806.0
	2112018.8	676806.1
	2112017.8	676805.1
	2112017.1	676805.3
	2112017.1	676806.1
	2112018.3	676807.4
	2112018.9	676806.7
	2112018.8	676806.1
END		
376	2112017.7	676807.3
	2112018.3	676807.4
	2112017.1	676806.1
	2112016.5	676806.5
	2112016.8	676806.9
	2112017.8	676808.0
	2112019.1	676808.5
	2112019.9	676809.0
	2112020.4	676808.3
	2112019.1	676807.9
	2112018.3	676807.4
END		
377	2112022.3	676808.5
	2112018.9	676806.7
	2112018.3	676807.4
	2112019.1	676807.9
	2112020.4	676808.3
	2112023.5	676809.7
	2112023.7	676808.5
	2112018.9	676806.7
END		
378	2112022.4	676809.6
	2112023.5	676809.7
	2112020.4	676808.3
	2112019.9	676809.0
	2112020.3	676809.2
	2112020.8	676809.3
	2112023.4	676810.4
	2112023.5	676809.7
END		
379	2112026.1	676810.9
	2112028.7	676811.5
	2112028.8	676811.2
	2112023.5	676809.7
	2112023.4	676810.4
	2112025.5	676811.8
	2112028.7	676811.5
END		
380	2112025.3	676809.8
	2112023.7	676808.5
	2112023.5	676809.7
	2112026.7	676810.6
	2112027.5	676810.0
	2112023.7	676808.5
END		
381	2112029.4	676810.1
	2112027.5	676810.0
	2112026.7	676810.6
	2112028.8	676811.2
	2112031.4	676810.7
	2112031.5	676810.3
	2112031.3	676809.1
	2112029.9	676808.4
	2112028.1	676809.0
	2112027.5	676810.0
END		
382	2112034.6	676814.8
	2112028.8	676811.2
	2112028.7	676811.5
	2112033.1	676814.6
	2112034.4	676815.5
	2112035.4	676815.8
	2112035.7	676814.8
	2112032.8	676813.4
	2112028.8	676811.2
END		
383	2112030.6	676811.5
	2112031.4	676810.7
	2112028.8	676811.2
	2112032.8	676813.4
	2112035.7	676814.8
	2112036.0	676812.6
	2112034.1	676812.8
	2112033.3	676812.9
	2112031.8	676811.6
	2112031.4	676810.7
END		
384	2112038.0	676816.9
	2112039.0	676817.0
	2112035.5	676815.4
	2112035.4	676815.8
	2112038.7	676817.9
	2112039.0	676817.1
	2112039.0	676817.0
END		
385	2112036.6	676815.5
	2112039.3	676816.4
	2112035.8	676814.4
	2112035.7	676814.8
	2112035.5	676815.4
	2112039.0	676817.0
	2112039.3	676816.4
END		
386	2112037.5	676814.1
	2112040.0	676814.6
	2112038.9	676814.0
	2112038.5	676813.3
	2112037.3	676812.7
	2112036.0	676812.6
	2112035.8	676814.4
	2112039.3	676816.4
	2112039.9	676814.7
	2112040.0	676814.6
END		
387	2111895.5	676796.1
	2111892.6	676796.6
	2111897.1	676796.5
	2111898.1	676796.5
	2111898.4	676795.6
	2111898.2	676795.6
	2111897.7	676795.6
	2111892.9	676795.4
	2111892.6	676796.6
END		
388	2111893.2	676797.4
	2111894.0	676796.5
	2111892.6	676796.6
	2111892.0	676798.7
	2111894.0	676798.2
	2111894.0	676796.5
END		
389	2111896.1	676797.5
	2111898.1	676796.5
	2111897.1	676796.5
	2111896.1	676796.5
	2111894.0	676796.5
	2111894.0	676798.2
	2111896.9	676798.2
	2111898.3	676797.9
	2111898.3	676797.0
	2111898.3	676796.6
	2111898.1	676796.5
END		
390	2111901.6	676794.4
	2111902.6	676794.5
	2111901.5	676793.8
	2111901.1	676794.0
	2111900.5	676793.8
	2111900.3	676794.1
	2111899.4	676793.8
	2111899.1	676794.0
	2111899.0	676793.9
	2111898.8	676794.3
	2111899.2	676794.1
	2111899.6	676794.0
	2111900.0	676794.1
	2111900.4	676794.3
	2111901.2	676794.4
	2111901.3	676794.7
	2111902.6	676794.5
END		
391	2111901.0	676795.6
	2111899.0	676794.4
	2111899.2	676794.3
	2111900.3	676794.5
	2111900.2	676794.8
	2111900.7	676795.9
	2111901.5	676796.0
	2111901.4	676795.2
	2111901.9	676795.5
	2111902.2	676795.2
	2111902.6	676794.5
	2111901.3	676794.7
	2111901.2	676794.4
	2111900.4	676794.3
	2111900.0	676794.1
	2111899.6	676794.0
	2111899.2	676794.1
	2111898.8	676794.3
	2111898.4	676795.1
	2111898.4	676795.6
	2111898.1	676796.5
	2111898.3	676796.6
	2111898.4	676796.2
	2111898.7	676795.8
	2111898.7	676795.6
	2111898.6	676795.0
	2111899.0	676794.7
	2111899.0	676794.4
END		
392	2111904.3	676794.8
	2111904.9	676794.2
	2111904.1	676794.3
	2111903.2	676793.6
	2111902.6	676794.5
	2111902.5	676794.7
	2111903.8	676794.7
	2111904.5	676795.6
	2111904.9	676794.2
END		
393	2111903.2	676794.9
	2111904.5	676795.6
	2111903.8	676794.7
	2111902.5	676794.7
	2111902.2	676795.2
	2111903.6	676795.1
	2111903.5	676795.7
	2111903.8	676796.1
	2111903.8	676795.3
	2111904.3	676795.9
	2111904.5	676795.6
END		
394	2111905.5	676794.7
	2111906.5	676794.5
	2111906.2	676793.9
	2111904.9	676794.2
	2111904.6	676795.2
	2111905.6	676795.2
	2111906.5	676794.5
END		
395	2111906.3	676795.6
	2111907.1	676795.9
	2111907.0	676795.7
	2111906.5	676794.5
	2111905.6	676795.2
	2111905.7	676796.4
	2111907.1	676795.9
END		
396	2111905.0	676795.8
	2111909.6	676798.2
	2111907.9	676797.2
	2111907.1	676795.9
	2111905.7	676796.4
	2111905.6	676795.2
	2111904.6	676795.2
	2111904.5	676795.6
	2111904.3	676795.9
	2111905.3	676797.3
	2111906.0	676797.6
	2111907.1	676796.9
	2111906.9	676797.6
	2111908.8	676798.3
	2111909.6	676798.2
END		
397	2111915.7	676803.3
	2111917.7	676803.7
	2111914.2	676802.0
	2111910.6	676798.8
	2111909.6	676798.2
	2111910.1	676799.5
	2111911.6	676800.5
	2111915.8	676804.5
	2111917.8	676804.4
	2111917.7	676803.7
END		
398	2111912.9	676802.5
	2111910.1	676799.5
	2111911.0	676801.4
	2111913.4	676803.9
	2111915.8	676804.5
	2111911.6	676800.5
	2111910.1	676799.5
END		
399	2111909.6	676799.7
	2111915.8	676804.5
	2111913.4	676803.9
	2111911.0	676801.4
	2111910.1	676799.5
	2111909.6	676798.2
	2111908.8	676798.3
	2111909.1	676800.3
	2111909.4	676801.0
	2111911.4	676803.5
	2111913.7	676805.6
	2111915.8	676804.5
END		
400	2111915.6	676806.1
	2111916.3	676804.5
	2111915.8	676804.5
	2111913.7	676805.6
	2111914.4	676806.4
	2111916.3	676807.1
	2111917.6	676807.0
	2111916.3	676804.5
END		
401	2111919.1	676803.8
	2111920.5	676802.7
	2111917.7	676803.7
	2111917.8	676804.4
	2111920.4	676804.4
	2111920.5	676802.7
END		
402	2111921.6	676803.9
	2111920.4	676804.4
	2111922.6	676805.5
	2111922.8	676804.4
	2111922.6	676803.5
	2111922.0	676803.5
	2111921.1	676802.5
	2111921.3	676801.5
	2111920.5	676801.6
	2111920.5	676802.7
	2111920.4	676804.4
END		
403	2111918.8	676805.4
	2111921.2	676804.8
	2111920.4	676804.4
	2111917.8	676804.4
	2111916.3	676804.5
	2111917.6	676807.0
	2111918.4	676806.9
	2111919.6	676806.4
	2111920.1	676806.5
	2111921.2	676804.8
END		
404	2111921.2	676806.5
	2111922.0	676807.6
	2111922.6	676805.5
	2111921.2	676804.8
	2111920.1	676806.5
	2111920.8	676807.7
	2111921.8	676807.7
	2111922.0	676807.6
END		
405	2111926.3	676808.6
	2111924.8	676809.0
	2111925.8	676809.0
	2111927.5	676808.3
	2111927.7	676808.1
	2111924.8	676808.8
	2111924.0	676809.0
	2111923.7	676808.8
	2111923.1	676808.6
	2111922.9	676808.2
	2111922.9	676808.0
	2111922.0	676807.6
	2111921.8	676807.7
	2111922.7	676808.1
	2111923.1	676808.9
	2111923.4	676808.9
	2111923.8	676809.2
	2111924.2	676809.2
	2111924.8	676809.0
END		
406	2111928.9	676808.9
	2111930.2	676809.0
	2111930.0	676809.2
	2111927.7	676808.1
	2111927.6	676808.3
	2111928.8	676809.3
	2111930.1	676809.5
	2111930.4	676809.3
	2111930.2	676809.0
END		
407	2111931.3	676809.1
	2111932.8	676809.4
	2111933.0	676809.3
	2111933.4	676809.3
	2111933.6	676809.5
	2111933.8	676809.3
	2111931.6	676809.0
	2111931.0	676808.3
	2111930.2	676809.0
	2111930.4	676809.3
	2111930.9	676809.0
	2111931.1	676809.3
	2111931.3	676809.4
	2111932.6	676809.6
	2111932.8	676809.4
END		
408	2111934.8	676809.9
	2111936.0	676809.7
	2111934.1	676809.3
	2111933.8	676809.3
	2111933.6	676809.5
	2111933.6	676809.9
	2111933.8	676810.2
	2111934.3	676810.3
	2111935.8	676810.2
	2111936.0	676809.7
END		
409	2111934.8	676809.1
	2111938.6	676810.0
	2111938.3	676809.5
	2111936.4	676809.7
	2111934.6	676808.6
	2111934.0	676808.8
	2111934.1	676809.3
	2111936.1	676809.7
	2111937.0	676809.9
	2111938.6	676810.0
END		
410	2111938.9	676810.6
	2111936.1	676809.7
	2111936.0	676809.7
	2111936.6	676810.1
	2111937.6	676810.1
	2111938.4	676810.2
	2111939.0	676810.9
	2111939.4	676811.2
	2111939.9	676811.5
	2111940.7	676811.7
	2111940.9	676811.7
	2111941.2	676811.9
	2111941.5	676811.9
	2111942.1	676811.7
	2111941.2	676811.5
	2111940.3	676811.4
	2111939.3	676811.0
	2111938.8	676810.2
	2111938.6	676810.0
	2111937.0	676809.9
	2111936.1	676809.7
END		
411	2111942.4	676812.4
	2111943.8	676810.6
	2111943.5	676810.4
	2111943.0	676810.1
	2111942.5	676810.5
	2111942.5	676810.7
	2111942.5	676811.2
	2111942.1	676811.7
	2111941.5	676811.9
	2111941.2	676811.9
	2111941.7	676812.3
	2111942.5	676812.8
	2111943.0	676812.9
	2111943.1	676812.6
	2111942.8	676812.0
	2111942.8	676811.4
	2111942.7	676810.7
	2111943.4	676810.4
	2111943.7	676811.4
	2111943.7	676811.8
	2111943.8	676812.0
	2111943.9	676812.2
	2111944.1	676812.5
	2111944.1	676813.0
	2111943.9	676813.5
	2111943.9	676813.6
	2111944.2	676813.8
	2111944.3	676813.7
	2111944.3	676812.6
	2111944.2	676811.6
	2111943.8	676810.6
END		
412	2111945.0	676814.0
	2111946.5	676814.3
	2111945.2	676813.7
	2111944.3	676813.7
	2111944.2	676813.8
	2111944.4	676814.2
	2111944.5	676814.3
	2111944.8	676814.2
	2111947.4	676814.9
	2111947.7	676814.8
	2111947.8	676814.7
	2111948.2	676814.8
	2111948.1	676814.5
	2111946.5	676814.3
END		
413	2111950.1	676816.3
	2111953.4	676817.3
	2111953.5	676817.1
	2111953.6	676816.8
	2111953.3	676816.5
	2111953.3	676816.2
	2111953.4	676816.3
	2111953.6	676816.4
	2111953.7	676816.1
	2111953.6	676816.0
	2111953.8	676815.7
	2111953.8	676815.5
	2111953.8	676815.3
	2111955.4	676815.2
	2111956.6	676815.0
	2111956.5	676814.9
	2111955.3	676815.1
	2111954.4	676815.0
	2111953.8	676815.1
	2111953.8	676815.3
	2111953.7	676815.5
	2111953.5	676815.7
	2111953.6	676816.3
	2111953.2	676816.0
	2111953.2	676816.4
	2111953.3	676816.9
	2111952.9	676817.0
	2111950.4	676816.6
	2111950.2	676816.2
	2111949.7	676815.9
	2111950.2	676817.0
	2111951.5	676817.2
	2111953.1	676817.1
	2111953.4	676817.3
END		
414	2111955.3	676814.6
	2111953.8	676815.1
	2111954.4	676815.0
	2111954.9	676815.1
	2111955.3	676815.1
	2111955.9	676815.0
	2111956.5	676814.9
	2111956.6	676815.0
	2111957.0	676815.0
	2111956.8	676814.6
	2111956.5	676814.8
	2111955.4	676814.3
	2111954.9	676814.4
	2111954.1	676814.9
	2111953.9	676814.9
	2111953.8	676815.1
END		
415	2111957.7	676817.0
	2111957.2	676815.5
	2111957.0	676815.0
	2111956.8	676815.0
	2111956.8	676815.1
	2111957.1	676815.4
	2111957.2	676815.7
	2111957.5	676816.8
	2111957.4	676817.5
	2111957.1	676818.1
	2111957.1	676818.7
	2111957.5	676819.1
	2111957.6	676819.3
	2111959.1	676820.1
	2111959.3	676819.9
	2111958.9	676819.7
	2111957.6	676819.1
	2111957.4	676818.6
	2111957.5	676818.1
	2111957.9	676817.5
	2111957.8	676816.6
	2111957.3	676815.6
	2111957.2	676815.5
END		
416	2111960.1	676820.5
	2111962.7	676821.2
	2111961.6	676821.0
	2111961.4	676820.9
	2111960.6	676820.6
	2111959.3	676819.9
	2111959.1	676820.1
	2111960.4	676820.9
	2111961.5	676821.3
	2111962.2	676821.5
	2111962.7	676821.2
END		
417	2111966.2	676823.0
	2111963.1	676821.3
	2111962.7	676821.2
	2111963.6	676821.5
	2111963.8	676821.9
	2111963.8	676821.9
	2111965.0	676823.2
	2111965.6	676823.4
	2111967.6	676823.1
	2111967.7	676823.0
	2111967.6	676823.0
	2111967.0	676822.9
	2111965.3	676822.5
	2111964.0	676822.0
	2111963.7	676821.4
	2111963.1	676821.3
END		
418	2111964.5	676822.9
	2111965.5	676824.0
	2111967.6	676823.3
	2111967.6	676823.1
	2111965.6	676823.4
	2111965.0	676823.2
	2111963.8	676821.9
	2111963.8	676821.9
	2111963.6	676821.5
	2111962.7	676821.2
	2111962.6	676821.3
	2111963.1	676821.6
	2111963.6	676821.9
	2111963.7	676822.1
	2111964.2	676822.6
	2111964.8	676823.6
	2111965.5	676824.0
END		
419	2111970.2	676824.6
	2111969.1	676823.2
	2111967.7	676823.0
	2111967.6	676823.1
	2111967.6	676823.3
	2111969.0	676823.3
	2111969.6	676824.2
	2111969.6	676824.5
	2111969.6	676824.5
	2111969.6	676824.6
	2111969.8	676824.7
	2111970.2	676825.0
	2111970.6	676825.0
	2111971.1	676825.0
	2111971.2	676824.9
	2111970.2	676824.5
	2111970.0	676824.1
	2111969.9	676824.1
	2111969.4	676823.4
	2111969.1	676823.2
END		
420	2111974.5	676826.4
	2111979.0	676827.3
	2111977.2	676826.8
	2111976.9	676826.9
	2111976.2	676826.6
	2111975.9	676826.5
	2111975.4	676826.0
	2111975.0	676826.1
	2111974.0	676826.2
	2111973.7	676825.8
	2111973.6	676825.6
	2111972.4	676825.0
	2111971.4	676825.0
	2111971.2	676824.9
	2111971.1	676825.0
	2111972.2	676825.3
	2111972.4	676825.2
	2111972.5	676825.3
	2111972.7	676825.6
	2111973.5	676826.0
	2111973.6	676826.2
	2111973.9	676826.4
	2111974.6	676826.6
	2111975.1	676826.4
	2111975.1	676826.7
	2111975.3	676826.8
	2111976.2	676826.9
	2111976.9	676826.9
	2111977.1	676827.0
	2111978.9	676827.4
	2111979.0	676827.3
END		
421	2111976.0	676826.2
	2111978.8	676827.1
	2111977.0	676826.6
	2111975.5	676825.5
	2111974.3	676825.8
	2111973.6	676825.6
	2111973.7	676825.8
	2111974.0	676826.2
	2111975.0	676826.1
	2111975.4	676826.0
	2111975.9	676826.5
	2111976.2	676826.6
	2111976.9	676826.9
	2111977.2	676826.8
	2111979.0	676827.3
	2111978.8	676827.1
END		
422	2111983.2	676828.6
	2111979.0	676827.4
	2111978.9	676827.4
	2111980.5	676828.2
	2111982.1	676828.3
	2111982.9	676828.7
	2111985.4	676829.4
	2111985.5	676829.3
	2111983.8	676828.7
	2111982.2	676828.0
	2111980.6	676827.9
	2111979.0	676827.4
END		
423	2111983.8	676828.5
	2111984.2	676828.5
	2111984.2	676828.3
	2111982.1	676827.8
	2111979.0	676827.3
	2111979.0	676827.4
	2111980.6	676827.9
	2111982.2	676828.0
	2111983.8	676828.7
	2111984.2	676828.8
	2111984.2	676828.5
END		
424	2111991.1	676829.3
	2111985.7	676828.6
	2111986.0	676828.9
	2111989.9	676829.4
	2111992.8	676829.7
	2111995.5	676829.8
	2111993.0	676829.3
	2111988.0	676828.8
	2111986.2	676828.7
	2111985.7	676828.6
END		
425	2111985.2	676828.7
	2111996.2	676829.9
	2111995.5	676829.8
	2111992.8	676829.7
	2111989.9	676829.4
	2111986.0	676828.9
	2111985.7	676828.6
	2111985.4	676828.3
	2111984.2	676828.5
	2111985.8	676829.1
	2111989.9	676830.0
	2111992.1	676830.1
	2111993.8	676829.9
	2111994.9	676830.1
	2111996.2	676829.9
END		
426	2111987.6	676829.6
	2111996.2	676829.9
	2111994.9	676830.1
	2111993.8	676829.9
	2111992.1	676830.1
	2111989.9	676830.0
	2111985.8	676829.1
	2111984.2	676828.5
	2111984.2	676828.8
	2111985.5	676829.3
	2111989.9	676830.4
	2111993.8	676830.1
	2111994.5	676830.3
	2111995.9	676830.4
	2111996.2	676829.9
END		
427	2111997.0	676830.3
	2112001.0	676831.9
	2112004.1	676831.2
	2112003.8	676831.0
	2112003.6	676831.1
	2112003.2	676831.1
	2112002.3	676831.4
	2112001.7	676831.4
	2112000.9	676831.4
	2111999.2	676831.0
	2111997.0	676830.1
	2111996.4	676830.0
	2111996.2	676829.9
	2111996.2	676830.0
	2111996.5	676830.4
	2111999.3	676831.5
	2112001.0	676831.9
END		
428	2111997.2	676830.9
	2112003.0	676831.4
	2112001.0	676831.9
	2111999.3	676831.5
	2111996.5	676830.4
	2111996.2	676830.0
	2111995.9	676830.4
	2111996.6	676830.8
	2111998.8	676831.6
	2112001.0	676832.1
	2112002.9	676831.9
	2112003.3	676831.7
	2112003.0	676831.4
END		
429	2112009.9	676833.8
	2112010.2	676833.8
	2112010.1	676833.4
	2112009.7	676833.5
	2112009.4	676833.5
	2112008.7	676832.8
	2112008.8	676832.6
	2112008.4	676832.3
	2112007.7	676831.9
	2112007.1	676831.6
	2112007.0	676831.5
	2112005.8	676831.6
	2112004.9	676831.6
	2112004.5	676831.3
	2112004.1	676831.2
	2112003.9	676831.2
	2112003.8	676831.2
	2112003.8	676831.6
	2112004.0	676831.7
	2112005.7	676831.7
	2112006.0	676831.8
	2112007.0	676831.6
	2112008.6	676832.7
	2112008.5	676832.7
	2112009.2	676833.6
	2112009.6	676833.8
	2112010.7	676834.5
	2112011.0	676834.1
	2112010.2	676833.8
END		
430	2112012.5	676834.8
	2112013.8	676834.3
	2112012.7	676834.2
	2112012.1	676834.3
	2112011.0	676834.1
	2112010.8	676834.3
	2112011.8	676835.1
	2112012.2	676835.3
	2112013.0	676835.1
	2112013.7	676834.7
	2112013.7	676834.5
	2112013.8	676834.3
END		
431	2112011.1	676834.8
	2112013.7	676834.7
	2112013.0	676835.1
	2112012.2	676835.3
	2112011.8	676835.1
	2112010.8	676834.3
	2112010.7	676834.5
	2112010.7	676834.8
	2112011.0	676835.0
	2112011.6	676835.4
	2112011.9	676835.5
	2112013.3	676835.5
	2112013.7	676834.7
END		
432	2112020.4	676836.5
	2112017.0	676834.8
	2112016.3	676834.4
	2112015.2	676834.5
	2112014.2	676834.4
	2112013.7	676834.7
	2112013.6	676834.8
	2112016.2	676834.6
	2112016.4	676834.8
	2112017.0	676834.9
	2112017.3	676835.0
	2112018.8	676836.0
	2112020.5	676836.9
	2112022.9	676837.6
	2112023.4	676837.9
	2112023.6	676837.6
	2112023.6	676837.5
	2112023.0	676837.3
	2112021.1	676836.5
	2112019.3	676835.9
	2112017.2	676834.8
	2112017.0	676834.8
END		
433	2112024.4	676837.2
	2112021.1	676835.9
	2112018.3	676835.1
	2112018.9	676835.4
	2112023.1	676837.1
	2112023.5	676837.1
	2112023.7	676837.3
	2112025.6	676837.7
	2112025.7	676837.5
	2112025.1	676837.1
	2112023.5	676836.7
	2112021.9	676836.0
	2112021.1	676835.9
END		
434	2112019.7	676835.9
	2112018.3	676835.1
	2112017.2	676834.8
	2112019.3	676835.9
	2112021.1	676836.5
	2112023.0	676837.3
	2112023.6	676837.5
	2112023.7	676837.3
	2112023.5	676837.1
	2112023.1	676837.1
	2112018.9	676835.4
	2112018.3	676835.1
END		
435	2112026.4	676837.9
	2112027.5	676837.8
	2112026.6	676837.6
	2112025.7	676837.5
	2112025.6	676837.7
	2112023.7	676837.3
	2112023.6	676837.6
	2112027.3	676838.3
	2112027.5	676837.8
END		
436	2112025.4	676838.2
	2112023.6	676837.6
	2112023.4	676837.9
	2112024.4	676838.3
	2112024.7	676838.4
	2112027.7	676838.5
	2112027.9	676838.4
	2112027.3	676838.3
	2112023.6	676837.6
END		
437	2112028.2	676837.8
	2112028.5	676837.3
	2112027.7	676837.2
	2112027.5	676837.8
	2112027.3	676838.3
	2112027.9	676838.4
	2112029.4	676838.7
	2112029.2	676838.1
	2112028.5	676837.3
END		
438	2112030.0	676838.3
	2112031.0	676837.7
	2112028.5	676837.3
	2112029.2	676838.1
	2112029.4	676838.7
	2112030.6	676838.9
	2112030.7	676838.6
	2112030.8	676838.3
	2112031.0	676837.7
END		
439	2112029.4	676838.9
	2112027.7	676838.5
	2112027.8	676838.7
	2112028.0	676838.8
	2112028.7	676839.1
	2112030.4	676839.3
	2112030.6	676838.9
	2112029.4	676838.7
	2112027.9	676838.4
	2112027.7	676838.5
END		
440	2111929.9	676800.0
	2111928.1	676796.7
	2111927.0	676796.5
	2111927.4	676802.1
	2111931.6	676802.3
	2111932.7	676799.9
	2111928.1	676796.7
END		
441	2111938.1	676799.3
	2111943.8	676800.6
	2111939.1	676799.2
	2111928.1	676796.7
	2111930.8	676798.6
	2111932.6	676798.3
	2111943.3	676801.1
	2111943.8	676800.6
END		
442	2111933.7	676801.7
	2111937.2	676802.8
	2111932.7	676799.9
	2111931.6	676802.3
	2111933.8	676802.5
	2111935.9	676802.9
	2111937.2	676802.8
END		
443	2111939.9	676802.7
	2111935.6	676801.8
	2111937.2	676802.8
	2111942.7	676803.3
	2111942.8	676802.6
	2111935.6	676801.8
END		
444	2111935.8	676800.6
	2111936.1	676799.2
	2111932.6	676798.3
	2111930.8	676798.6
	2111932.7	676799.9
	2111935.6	676801.8
	2111939.4	676802.2
	2111936.1	676799.2
END		
445	2111940.8	676801.2
	2111943.3	676801.1
	2111936.1	676799.2
	2111939.4	676802.2
	2111942.8	676802.6
	2111943.3	676801.1
END		
446	2111945.0	676803.0
	2111948.3	676803.4
	2111943.2	676801.6
	2111942.8	676802.6
	2111942.7	676803.3
	2111943.4	676803.3
	2111947.3	676804.0
	2111948.3	676803.4
END		
447	2111990.1	676816.7
	2111986.0	676810.5
	2111985.1	676810.0
	2111985.4	676816.6
	2111993.9	676821.2
	2111994.7	676816.7
	2111986.0	676810.5
END		
448	2111993.3	676814.1
	2111996.1	676812.6
	2111987.9	676810.1
	2111986.0	676810.5
	2111994.7	676816.7
	2111996.1	676812.6
END		
449	2112000.3	676821.6
	2111994.1	676820.1
	2111993.9	676821.2
	2112001.5	676822.6
	2112004.7	676822.7
	2112004.2	676821.2
	2111994.1	676820.1
END		
450	2112007.2	676821.2
	2112004.5	676818.1
	2112004.2	676821.2
	2112004.7	676822.7
	2112011.4	676823.2
	2112012.1	676821.5
	2112010.4	676821.3
	2112009.0	676820.0
	2112007.2	676820.0
	2112004.5	676818.1
END		
451	2111996.1	676817.3
	2111997.6	676815.8
	2111997.7	676813.5
	2111997.2	676813.6
	2111996.1	676812.6
	2111994.7	676816.7
	2111994.1	676820.1
	2111997.6	676820.5
	2111997.6	676815.8
END		
452	2112010.9	676805.7
	2112011.4	676805.8
	2112011.1	676805.3
	2112010.9	676805.4
	2112010.5	676805.7
	2112009.5	676805.9
	2112009.4	676806.3
	2112009.5	676806.7
	2112009.7	676806.9
	2112010.1	676807.2
	2112010.2	676806.9
	2112009.8	676806.3
	2112011.4	676805.8
END		
453	2112011.2	676807.7
	2112012.0	676808.2
	2112012.6	676807.5
	2112014.5	676808.0
	2112012.5	676807.0
	2112011.9	676807.8
	2112011.8	676807.8
	2112010.2	676806.9
	2112010.1	676807.2
	2112011.6	676808.2
	2112012.0	676808.2
END		
454	2112011.6	676805.9
	2112011.6	676805.5
	2112011.4	676805.3
	2112011.1	676805.3
	2112011.4	676805.8
	2112011.8	676806.3
	2112012.6	676806.9
	2112013.7	676807.4
	2112014.0	676807.7
	2112014.5	676808.0
	2112014.6	676808.0
	2112014.2	676807.4
	2112013.8	676807.2
	2112013.0	676806.8
	2112012.4	676806.4
	2112011.6	676805.5
END		
455	2111915.9	676798.0
	2111916.3	676797.5
	2111914.9	676797.4
	2111915.7	676798.5
	2111916.7	676798.8
	2111916.3	676797.5
END		
456	2111916.0	676793.8
	2111916.5	676794.1
	2111916.2	676792.8
	2111915.2	676794.5
	2111915.4	676795.1
	2111914.8	676795.2
	2111915.9	676797.5
	2111916.3	676797.5
	2111915.7	676796.1
	2111915.7	676795.8
	2111915.5	676794.4
	2111916.5	676794.1
END		
457	2111913.6	676795.3
	2111914.2	676796.3
	2111913.2	676793.3
	2111913.2	676794.9
	2111914.0	676796.5
	2111914.8	676797.8
	2111915.4	676798.2
	2111914.2	676796.3
END		
458	2111914.1	676795.3
	2111913.2	676793.3
	2111914.2	676796.3
	2111914.9	676797.4
	2111915.0	676797.4
	2111914.9	676797.0
	2111914.5	676796.4
	2111914.2	676795.0
	2111913.8	676794.4
	2111913.7	676793.9
	2111913.5	676793.3
	2111913.8	676792.9
	2111914.0	676792.1
	2111913.2	676792.7
	2111913.2	676793.3
END		
459	2111915.4	676792.0
	2111916.6	676792.5
	2111916.0	676792.2
	2111915.9	676792.0
	2111915.0	676791.5
	2111914.4	676791.8
	2111914.0	676792.1
	2111913.9	676792.3
	2111914.4	676792.2
	2111914.8	676791.9
	2111916.2	676792.8
	2111916.6	676792.5
END		
460	2111914.9	676793.0
	2111915.2	676794.5
	2111916.2	676792.8
	2111914.8	676791.9
	2111914.4	676792.2
	2111913.9	676792.3
	2111913.8	676792.9
	2111913.5	676793.3
	2111913.7	676793.9
	2111913.8	676794.4
	2111914.2	676795.0
	2111914.5	676796.4
	2111914.9	676797.0
	2111915.0	676797.4
	2111915.9	676797.5
	2111914.8	676795.2
	2111915.4	676795.1
	2111915.2	676794.5
END		
461	2111918.8	676798.2
	2111920.3	676797.4
	2111917.6	676798.0
	2111917.7	676798.5
	2111919.6	676798.8
	2111920.4	676797.6
	2111920.3	676797.4
END		
462	2111917.5	676796.2
	2111916.9	676793.9
	2111916.7	676793.5
	2111916.3	676793.5
	2111916.5	676794.1
	2111916.7	676794.9
	2111916.9	676795.7
	2111917.6	676798.0
	2111917.9	676796.0
	2111917.2	676795.6
	2111916.9	676793.9
END		
463	2111917.4	676793.0
	2111918.1	676793.2
	2111918.6	676793.1
	2111918.2	676792.3
	2111917.9	676792.7
	2111917.0	676792.7
	2111916.6	676792.5
	2111916.2	676792.8
	2111916.3	676793.5
	2111918.1	676793.2
END		
464	2111918.8	676794.0
	2111918.6	676793.1
	2111918.1	676793.2
	2111919.2	676795.3
	2111920.4	676797.6
	2111921.3	676797.5
	2111920.4	676796.9
	2111919.5	676794.8
	2111918.6	676793.1
END		
465	2111966.6	676820.1
	2111968.2	676820.8
	2111970.5	676821.1
	2111969.3	676820.8
	2111968.4	676820.3
	2111967.0	676820.0
	2111966.5	676819.8
	2111964.1	676819.4
	2111962.3	676819.4
	2111968.3	676820.6
	2111968.2	676820.8
END		
END		
