1	2112271.2	676898.9
	2112286.9	676895.5
	2112286.5	676895.2
	2112283.1	676895.4
	2112282.1	676895.6
	2112281.7	676895.7
	2112281.2	676895.9
	2112280.7	676896.1
	2112280.2	676896.2
	2112279.7	676896.4
	2112279.2	676896.5
	2112278.7	676896.7
	2112278.3	676896.8
	2112276.8	676897.2
	2112268.2	676899.3
	2112268.7	676899.8
	2112276.2	676898.1
	2112282.0	676896.1
	2112286.9	676895.5
END		
2	2112274.7	676925.3
	2112279.7	676923.5
	2112278.7	676921.8
	2112278.5	676921.4
	2112271.8	676924.3
	2112269.5	676929.7
	2112255.6	676939.7
	2112257.0	676941.0
	2112258.4	676940.2
	2112261.4	676938.7
	2112267.1	676935.0
	2112272.9	676930.7
	2112273.1	676930.5
	2112273.4	676930.2
	2112279.7	676923.5
END		
3	2112103.9	676980.3
	2112105.0	676980.0
	2112104.0	676979.2
	2112102.3	676981.4
	2112102.0	676981.6
	2112102.2	676982.0
	2112105.0	676980.0
END		
4	2112105.2	676978.7
	2112105.8	676978.9
	2112106.9	676977.5
	2112105.9	676976.6
	2112104.0	676979.2
	2112105.0	676980.0
	2112105.8	676978.9
END		
5	2112106.8	676973.6
	2112107.1	676975.7
	2112107.6	676973.0
	2112106.2	676972.6
	2112106.2	676973.9
	2112105.9	676976.6
	2112106.9	676977.5
	2112107.1	676975.7
END		
6	2112109.3	676969.7
	2112110.4	676970.4
	2112111.3	676967.7
	2112109.3	676967.5
	2112108.4	676969.1
	2112106.5	676971.9
	2112106.2	676972.6
	2112107.6	676973.0
	2112108.3	676971.6
	2112110.4	676970.4
END		
7	2112111.3	676965.1
	2112112.5	676964.0
	2112111.1	676963.6
	2112110.3	676965.4
	2112110.1	676965.7
	2112111.8	676966.2
	2112112.5	676964.0
END		
8	2112114.4	677004.6
	2112115.7	677004.8
	2112115.3	677003.8
	2112112.9	677004.2
	2112113.7	677005.7
	2112115.7	677004.8
END		
9	2112116.4	677004.0
	2112118.9	677003.2
	2112118.6	677002.8
	2112115.3	677003.8
	2112115.7	677004.8
	2112117.2	677004.2
	2112118.9	677003.2
END		
10	2112120.5	677001.9
	2112121.7	677001.7
	2112121.4	677001.1
	2112118.6	677002.8
	2112118.9	677003.2
	2112121.2	677001.9
	2112121.7	677001.7
END		
11	2112122.8	677000.8
	2112125.3	677000.1
	2112125.1	676999.6
	2112121.4	677001.1
	2112121.7	677001.7
	2112123.5	677000.9
	2112124.2	677000.6
	2112125.3	677000.1
END		
12	2112126.1	676998.6
	2112127.6	676999.1
	2112127.0	676997.7
	2112124.7	676998.6
	2112125.1	676999.6
	2112125.3	677000.1
	2112127.6	676999.1
END		
13	2112129.9	676997.3
	2112131.8	676997.5
	2112131.1	676996.1
	2112127.0	676997.7
	2112127.6	676999.1
	2112127.8	676999.0
	2112131.5	676997.6
	2112131.8	676997.5
END		
14	2112132.5	676996.7
	2112133.7	676996.8
	2112133.1	676995.4
	2112131.1	676996.1
	2112131.8	676997.5
	2112132.9	676997.1
	2112133.7	676996.8
END		
15	2112110.6	676966.9
	2112111.8	676966.2
	2112110.1	676965.7
	2112109.3	676967.5
	2112111.3	676967.7
	2112111.8	676966.2
END		
16	2112113.4	676961.6
	2112115.6	676960.9
	2112112.8	676960.0
	2112111.1	676963.6
	2112112.5	676964.0
	2112115.6	676960.9
END		
17	2112114.6	676960.0
	2112116.9	676959.5
	2112116.6	676959.4
	2112116.3	676959.3
	2112116.0	676959.2
	2112115.6	676959.1
	2112115.2	676959.0
	2112114.9	676958.9
	2112114.6	676958.8
	2112114.4	676958.7
	2112114.2	676958.6
	2112114.0	676958.6
	2112113.7	676958.8
	2112112.8	676960.0
	2112115.6	676960.9
	2112116.9	676959.5
END		
18	2112134.3	676995.9
	2112135.5	676996.1
	2112134.7	676994.5
	2112133.1	676995.4
	2112133.7	676996.8
	2112135.5	676996.1
END		
19	2112135.9	676995.0
	2112137.0	676995.5
	2112136.8	676994.6
	2112136.6	676993.4
	2112134.7	676994.5
	2112135.5	676996.1
	2112137.0	676995.5
END		
20	2112139.8	676993.8
	2112141.3	676993.8
	2112140.8	676993.2
	2112140.3	676992.6
	2112136.8	676994.6
	2112137.0	676995.5
	2112140.8	676994.0
	2112141.3	676993.8
END		
21	2112144.5	676992.0
	2112146.5	676991.7
	2112145.6	676990.8
	2112140.8	676993.2
	2112141.3	676993.8
	2112146.5	676991.7
END		
22	2112117.4	676960.6
	2112120.4	676959.1
	2112116.9	676959.5
	2112115.6	676960.9
	2112118.0	676961.5
	2112120.4	676959.1
END		
23	2112118.9	676961.3
	2112121.6	676959.0
	2112120.4	676959.1
	2112118.0	676961.5
	2112118.5	676961.6
	2112119.1	676961.8
	2112121.6	676959.0
END		
24	2112121.8	676959.5
	2112122.2	676959.8
	2112123.1	676958.8
	2112121.6	676959.0
	2112119.1	676961.8
	2112120.1	676962.2
	2112122.2	676959.8
END		
25	2112124.2	676959.1
	2112125.9	676958.8
	2112124.3	676958.3
	2112124.1	676958.4
	2112123.1	676958.8
	2112122.2	676959.8
	2112123.7	676960.1
	2112125.9	676958.8
END		
26	2112125.8	676958.2
	2112130.4	676956.8
	2112129.9	676956.0
	2112125.3	676957.9
	2112124.7	676958.1
	2112124.3	676958.3
	2112125.9	676958.8
	2112130.4	676956.8
END		
27	2112130.7	676956.2
	2112131.7	676956.0
	2112131.3	676955.4
	2112130.7	676955.7
	2112129.9	676956.0
	2112130.4	676956.8
	2112131.7	676956.0
END		
28	2112132.2	676955.3
	2112133.9	676954.8
	2112133.7	676954.3
	2112133.4	676954.4
	2112133.1	676954.5
	2112132.8	676954.7
	2112132.5	676954.9
	2112132.2	676955.0
	2112131.9	676955.1
	2112131.7	676955.2
	2112131.4	676955.4
	2112131.3	676955.4
	2112131.7	676956.0
	2112133.9	676954.8
END		
29	2112135.2	676954.0
	2112136.2	676954.2
	2112135.9	676953.5
	2112134.4	676954.0
	2112134.2	676954.1
	2112134.0	676954.1
	2112133.7	676954.3
	2112133.9	676954.8
	2112136.2	676954.2
END		
30	2112137.7	676953.3
	2112137.4	676953.8
	2112138.8	676953.3
	2112139.9	676953.0
	2112141.4	676952.0
	2112137.9	676952.9
	2112135.9	676953.5
	2112136.2	676954.2
	2112137.4	676953.8
END		
31	2112147.2	676990.3
	2112151.1	676988.1
	2112149.5	676988.2
	2112145.2	676990.2
	2112145.6	676990.8
	2112146.5	676991.7
	2112148.6	676990.9
	2112151.1	676988.1
END		
32	2112160.8	676982.7
	2112151.1	676988.1
	2112154.1	676986.6
	2112154.5	676986.4
	2112155.5	676986.1
	2112155.9	676985.9
	2112156.4	676985.8
	2112156.9	676985.6
	2112157.4	676985.5
	2112163.1	676983.3
	2112163.9	676983.1
	2112161.0	676981.4
	2112153.5	676985.2
	2112149.5	676988.2
	2112151.1	676988.1
END		
33	2112162.6	676981.4
	2112165.8	676982.6
	2112165.2	676982.1
	2112162.6	676980.2
	2112161.0	676981.4
	2112163.9	676983.1
	2112165.8	676982.6
END		
34	2112169.2	676980.5
	2112170.8	676980.3
	2112171.2	676980.1
	2112170.1	676979.1
	2112165.2	676982.1
	2112165.8	676982.6
	2112166.8	676982.3
	2112169.1	676981.3
	2112170.8	676980.3
END		
35	2112144.3	676951.4
	2112144.0	676951.9
	2112145.1	676951.4
	2112146.0	676951.0
	2112145.8	676950.5
	2112145.2	676950.8
	2112141.6	676951.9
	2112144.0	676951.9
END		
36	2112147.2	676950.2
	2112147.3	676950.5
	2112149.6	676949.5
	2112149.4	676949.1
	2112145.8	676950.5
	2112146.0	676951.0
	2112147.3	676950.5
END		
37	2112150.4	676949.0
	2112150.6	676949.6
	2112151.5	676949.2
	2112151.1	676948.5
	2112150.0	676948.8
	2112149.4	676949.1
	2112149.6	676949.5
	2112149.8	676949.9
	2112150.6	676949.6
END		
38	2112153.1	676949.2
	2112156.2	676949.8
	2112155.4	676949.4
	2112153.7	676948.9
	2112151.9	676948.2
	2112151.1	676948.5
	2112151.5	676949.2
	2112155.8	676950.7
	2112156.2	676949.8
END		
39	2112157.6	676951.2
	2112159.8	676951.4
	2112156.2	676949.8
	2112155.8	676950.7
	2112155.6	676951.6
	2112158.1	676952.2
	2112159.8	676951.4
END		
40	2112159.5	676952.0
	2112163.6	676954.3
	2112161.3	676952.8
	2112160.3	676951.9
	2112160.1	676951.7
	2112159.8	676951.4
	2112158.1	676952.2
	2112158.7	676953.3
	2112160.7	676953.0
	2112163.1	676954.8
	2112163.6	676954.3
END		
41	2112164.3	676954.9
	2112166.3	676955.7
	2112165.2	676954.8
	2112163.6	676954.3
	2112163.1	676954.8
	2112168.1	676957.2
	2112166.3	676955.7
END		
42	2112168.7	676953.4
	2112171.1	676953.7
	2112171.0	676951.9
	2112169.1	676949.9
	2112166.9	676952.7
	2112165.2	676954.8
	2112166.3	676955.7
	2112168.9	676955.1
	2112171.1	676953.7
END		
43	2112171.5	676950.4
	2112174.2	676952.1
	2112174.7	676951.6
	2112171.2	676948.1
	2112168.8	676948.7
	2112168.9	676949.2
	2112169.1	676949.9
	2112171.0	676951.9
	2112171.1	676953.7
	2112174.2	676952.1
END		
44	2112174.4	676949.0
	2112177.0	676949.3
	2112174.2	676946.5
	2112172.2	676945.8
	2112170.2	676945.2
	2112169.1	676948.2
	2112168.8	676948.7
	2112171.2	676948.1
	2112174.7	676951.6
	2112177.0	676949.3
END		
45	2112173.9	676977.7
	2112177.0	676977.0
	2112175.4	676976.4
	2112174.6	676976.1
	2112170.1	676979.1
	2112171.2	676980.1
	2112173.8	676978.6
	2112177.0	676977.0
END		
46	2112181.2	676974.5
	2112188.3	676972.2
	2112187.5	676970.9
	2112183.1	676973.1
	2112179.7	676973.9
	2112175.4	676976.4
	2112177.0	676977.0
	2112178.4	676976.3
	2112182.1	676975.4
	2112183.0	676975.0
	2112188.3	676972.2
END		
47	2112171.7	676967.4
	2112174.8	676967.5
	2112173.6	676965.9
	2112168.2	676966.5
	2112169.2	676968.6
	2112169.7	676969.7
	2112174.8	676967.5
END		
48	2112165.9	676963.3
	2112170.5	676963.0
	2112163.3	676961.9
	2112161.5	676963.5
	2112167.4	676965.3
	2112170.5	676963.0
END		
49	2112172.6	676964.4
	2112173.6	676965.9
	2112177.2	676964.0
	2112170.5	676963.0
	2112167.4	676965.3
	2112168.2	676966.5
	2112173.6	676965.9
END		
50	2112186.8	676955.4
	2112183.4	676957.6
	2112190.4	676956.3
	2112189.8	676953.3
	2112177.6	676957.3
	2112178.2	676958.7
	2112183.4	676957.6
END		
51	2112182.0	676954.4
	2112189.8	676953.3
	2112189.7	676950.0
	2112182.1	676952.4
	2112177.6	676953.8
	2112177.2	676955.7
	2112177.6	676957.3
	2112189.8	676953.3
END		
52	2112174.8	676961.9
	2112177.6	676962.2
	2112178.2	676958.7
	2112174.8	676960.0
	2112170.5	676963.0
	2112177.2	676964.0
	2112177.6	676962.2
END		
53	2112180.9	676960.3
	2112184.0	676961.4
	2112183.4	676957.6
	2112178.2	676958.7
	2112177.6	676962.2
	2112184.0	676961.4
END		
54	2112165.7	676960.7
	2112167.1	676960.6
	2112165.1	676959.1
	2112163.3	676961.9
	2112170.5	676963.0
	2112167.1	676960.6
END		
55	2112170.5	676960.9
	2112174.8	676960.0
	2112168.1	676959.5
	2112167.1	676960.6
	2112170.5	676963.0
	2112174.8	676960.0
END		
56	2112173.2	676958.9
	2112178.2	676958.7
	2112177.6	676957.3
	2112174.6	676958.5
	2112169.5	676958.1
	2112168.1	676959.5
	2112174.8	676960.0
	2112178.2	676958.7
END		
57	2112187.4	676958.3
	2112192.0	676960.1
	2112190.4	676956.3
	2112183.4	676957.6
	2112184.0	676961.4
	2112192.0	676960.1
END		
58	2112173.8	676957.4
	2112177.6	676957.3
	2112177.2	676955.7
	2112170.8	676956.7
	2112169.5	676958.1
	2112174.6	676958.5
	2112177.6	676957.3
END		
59	2112171.4	676944.6
	2112173.2	676939.6
	2112172.1	676940.3
	2112170.5	676944.4
	2112170.2	676945.2
	2112172.2	676945.8
	2112173.2	676939.6
END		
60	2112174.2	676940.7
	2112174.8	676943.7
	2112175.4	676941.1
	2112175.7	676939.2
	2112174.5	676939.3
	2112174.1	676939.4
	2112173.7	676939.5
	2112173.2	676939.6
	2112172.2	676945.8
	2112174.2	676946.5
	2112174.8	676943.7
END		
61	2112177.6	676939.8
	2112177.1	676940.9
	2112179.8	676939.7
	2112179.9	676939.1
	2112179.2	676939.0
	2112178.6	676939.0
	2112178.0	676939.0
	2112176.0	676939.2
	2112175.7	676939.2
	2112175.4	676941.1
	2112177.1	676940.9
END		
62	2112182.9	676939.6
	2112187.3	676939.1
	2112187.2	676938.6
	2112186.4	676938.8
	2112181.9	676939.3
	2112179.9	676939.1
	2112179.8	676939.7
	2112184.4	676940.3
	2112187.3	676939.1
END		
63	2112193.3	676969.5
	2112195.9	676969.5
	2112194.9	676967.7
	2112187.5	676970.9
	2112188.3	676972.2
	2112188.8	676971.9
	2112189.4	676971.7
	2112191.8	676971.0
	2112192.5	676970.8
	2112193.1	676970.7
	2112193.7	676970.5
	2112195.4	676969.8
	2112195.9	676969.5
END		
64	2112210.1	676962.4
	2112212.7	676962.6
	2112212.1	676961.3
	2112211.7	676960.6
	2112194.9	676967.7
	2112195.9	676969.5
	2112197.0	676968.8
	2112202.6	676966.1
	2112205.3	676965.0
	2112207.2	676964.2
	2112212.7	676962.6
END		
65	2112208.9	676959.0
	2112211.7	676960.6
	2112210.7	676959.3
	2112208.8	676956.9
	2112206.4	676960.5
	2112193.4	676964.6
	2112194.9	676967.7
	2112211.7	676960.6
END		
66	2112190.8	676938.6
	2112193.9	676938.9
	2112193.8	676938.0
	2112191.4	676938.0
	2112190.6	676938.1
	2112190.0	676938.1
	2112188.3	676938.4
	2112187.2	676938.6
	2112187.3	676939.1
	2112187.4	676939.4
	2112193.9	676938.9
END		
67	2112195.6	676938.3
	2112199.4	676937.9
	2112199.5	676937.4
	2112193.8	676938.0
	2112193.9	676938.9
	2112199.4	676937.9
END		
68	2112200.4	676938.2
	2112202.2	676937.6
	2112200.3	676937.3
	2112199.5	676937.4
	2112199.4	676937.9
	2112199.3	676938.5
	2112199.2	676939.4
	2112202.2	676937.6
END		
69	2112218.5	676959.9
	2112221.7	676959.6
	2112221.2	676958.1
	2112212.1	676961.3
	2112212.7	676962.6
	2112221.7	676959.6
END		
70	2112216.7	676957.7
	2112221.2	676958.1
	2112216.5	676955.3
	2112210.7	676959.3
	2112211.7	676960.6
	2112212.1	676961.3
	2112221.2	676958.1
END		
71	2112212.2	676956.3
	2112216.5	676955.3
	2112211.1	676954.3
	2112208.8	676956.9
	2112210.7	676959.3
	2112216.5	676955.3
END		
72	2112202.1	676936.9
	2112205.3	676935.5
	2112205.6	676934.0
	2112200.3	676937.3
	2112202.2	676937.6
	2112205.3	676935.5
END		
73	2112207.4	676933.3
	2112209.0	676932.8
	2112208.5	676932.3
	2112208.2	676931.9
	2112205.6	676934.0
	2112205.3	676935.5
	2112209.0	676932.8
END		
74	2112212.9	676927.4
	2112214.5	676926.4
	2112213.6	676926.2
	2112213.3	676926.5
	2112213.0	676926.8
	2112212.7	676927.0
	2112212.3	676927.4
	2112210.6	676929.4
	2112209.8	676930.3
	2112208.2	676931.9
	2112208.5	676932.3
	2112211.3	676929.8
	2112214.5	676926.4
END		
75	2112214.9	676925.3
	2112217.2	676923.5
	2112220.3	676921.6
	2112220.1	676921.1
	2112217.0	676922.9
	2112215.1	676924.6
	2112214.9	676924.8
	2112213.6	676926.2
	2112214.5	676926.4
	2112217.2	676923.5
END		
76	2112225.3	676957.1
	2112232.9	676954.8
	2112232.0	676953.3
	2112221.2	676958.1
	2112221.7	676959.6
	2112226.4	676957.4
	2112226.7	676957.3
	2112232.6	676954.9
	2112232.9	676954.8
END		
77	2112228.7	676916.0
	2112227.6	676917.2
	2112230.5	676915.0
	2112230.0	676914.6
	2112228.3	676915.9
	2112227.4	676916.6
	2112223.9	676919.1
	2112220.1	676921.1
	2112220.3	676921.6
	2112227.6	676917.2
END		
78	2112237.9	676951.9
	2112241.2	676951.5
	2112240.3	676949.9
	2112232.0	676953.3
	2112232.9	676954.8
	2112238.7	676952.5
	2112241.2	676951.5
END		
79	2112236.7	676910.9
	2112242.2	676908.4
	2112242.0	676908.1
	2112241.3	676908.4
	2112240.5	676908.7
	2112237.5	676909.9
	2112232.7	676913.0
	2112230.6	676914.1
	2112230.0	676914.6
	2112230.5	676915.0
	2112236.4	676911.4
	2112242.2	676908.4
END		
80	2112248.8	676922.7
	2112252.5	676923.6
	2112250.5	676921.0
	2112249.6	676919.9
	2112247.1	676921.8
	2112244.7	676923.6
	2112246.6	676923.4
	2112247.7	676926.9
	2112252.5	676923.6
END		
81	2112245.0	676944.4
	2112248.4	676940.6
	2112247.1	676939.6
	2112245.7	676941.8
	2112243.4	676945.1
	2112242.3	676948.7
	2112240.3	676949.9
	2112241.2	676951.5
	2112243.8	676948.0
	2112246.5	676943.6
	2112248.4	676940.6
END		
82	2112248.2	676939.5
	2112251.9	676936.1
	2112251.0	676935.2
	2112248.2	676938.4
	2112247.1	676939.6
	2112248.4	676940.6
	2112248.5	676940.4
	2112251.9	676936.1
END		
83	2112249.6	676935.4
	2112251.0	676935.2
	2112250.7	676934.6
	2112250.0	676933.3
	2112248.6	676935.0
	2112246.6	676937.3
	2112248.2	676938.4
	2112251.0	676935.2
END		
84	2112242.6	676925.7
	2112246.6	676923.4
	2112244.7	676923.6
	2112240.8	676926.5
	2112241.3	676927.3
	2112246.6	676923.4
END		
85	2112244.1	676927.5
	2112247.7	676926.9
	2112246.6	676923.4
	2112241.3	676927.3
	2112243.1	676930.3
	2112247.7	676926.9
END		
86	2112250.6	676931.7
	2112252.1	676931.2
	2112249.8	676929.2
	2112249.6	676932.3
	2112250.0	676933.3
	2112252.1	676931.2
END		
87	2112250.7	676933.3
	2112252.1	676931.2
	2112250.0	676933.3
	2112250.7	676934.6
	2112252.1	676931.2
END		
88	2112252.5	676932.6
	2112257.2	676928.5
	2112256.0	676927.3
	2112253.6	676929.1
	2112252.1	676931.2
	2112250.7	676934.6
	2112251.0	676935.2
	2112251.9	676936.1
	2112254.0	676931.3
	2112257.0	676928.6
	2112257.2	676928.5
END		
89	2112251.9	676929.0
	2112256.0	676927.3
	2112254.4	676925.7
	2112249.8	676929.2
	2112252.1	676931.2
	2112253.6	676929.1
	2112256.0	676927.3
END		
90	2112250.2	676927.0
	2112254.4	676925.7
	2112252.5	676923.6
	2112247.7	676926.9
	2112249.8	676929.2
	2112254.4	676925.7
END		
91	2112241.1	676925.0
	2112244.7	676923.6
	2112247.1	676921.8
	2112249.6	676919.9
	2112248.8	676918.9
	2112239.3	676925.0
	2112240.8	676926.5
	2112244.7	676923.6
END		
92	2112250.9	676917.6
	2112254.6	676916.7
	2112253.8	676912.6
	2112247.4	676916.4
	2112248.8	676918.9
	2112249.6	676919.9
	2112250.5	676921.0
	2112254.6	676916.7
END		
93	2112257.0	676917.4
	2112261.5	676916.2
	2112259.3	676913.3
	2112254.6	676916.7
	2112250.5	676921.0
	2112252.5	676923.6
	2112261.5	676916.2
END		
94	2112259.4	676920.0
	2112263.8	676918.5
	2112261.5	676916.2
	2112252.5	676923.6
	2112254.4	676925.7
	2112263.8	676918.5
END		
95	2112270.8	676918.4
	2112276.0	676917.3
	2112275.2	676915.8
	2112266.7	676918.8
	2112256.0	676927.3
	2112257.2	676928.5
	2112261.7	676925.2
	2112262.7	676924.2
	2112264.6	676922.6
	2112268.4	676920.6
	2112272.7	676918.8
	2112273.7	676918.4
	2112276.0	676917.3
END		
96	2112244.2	676907.9
	2112255.9	676904.0
	2112255.9	676903.0
	2112251.8	676904.3
	2112251.6	676904.4
	2112251.2	676904.6
	2112250.9	676904.8
	2112250.6	676904.9
	2112248.7	676905.8
	2112248.2	676906.0
	2112242.0	676908.1
	2112242.2	676908.4
	2112242.8	676909.2
	2112255.9	676904.0
END		
97	2112264.2	676901.9
	2112269.4	676901.6
	2112269.2	676900.4
	2112263.3	676901.2
	2112261.7	676901.7
	2112255.9	676903.0
	2112255.9	676904.0
	2112269.4	676901.6
END		
98	2112270.7	676900.6
	2112279.0	676898.2
	2112281.8	676897.2
	2112281.6	676896.6
	2112276.5	676898.3
	2112272.4	676899.7
	2112269.2	676900.4
	2112269.4	676901.6
	2112279.0	676898.2
END		
99	2112280.7	676915.9
	2112288.9	676911.4
	2112288.8	676910.2
	2112283.9	676912.9
	2112280.9	676913.9
	2112275.2	676915.8
	2112276.0	676917.3
	2112280.5	676917.4
	2112281.8	676917.4
	2112284.0	676916.8
	2112286.0	676916.2
	2112286.7	676915.0
	2112288.9	676911.4
END		
100	2112285.2	676909.7
	2112288.8	676910.2
	2112288.7	676908.8
	2112282.7	676906.8
	2112281.3	676910.6
	2112280.9	676913.9
	2112283.9	676912.9
	2112288.8	676910.2
END		
101	2112286.2	676906.2
	2112288.2	676904.5
	2112282.7	676906.8
	2112288.7	676908.8
	2112288.6	676907.7
	2112288.2	676904.5
END		
102	2112284.2	676905.3
	2112288.2	676904.5
	2112288.0	676902.9
	2112281.8	676904.9
	2112282.7	676906.8
	2112288.2	676904.5
END		
103	2112284.1	676903.2
	2112288.0	676902.9
	2112287.9	676901.9
	2112287.8	676900.7
	2112280.7	676902.5
	2112281.8	676904.9
	2112288.0	676902.9
END		
104	2112284.8	676899.9
	2112287.8	676900.7
	2112287.6	676898.9
	2112287.5	676898.1
	2112283.4	676899.0
	2112281.1	676900.2
	2112280.0	676900.8
	2112280.5	676901.9
	2112280.7	676902.5
	2112287.8	676900.7
END		
105	2112283.4	676896.6
	2112287.3	676896.2
	2112287.2	676895.7
	2112282.2	676896.4
	2112281.6	676896.6
	2112281.8	676897.2
	2112287.3	676896.2
END		
106	2112284.8	676898.2
	2112287.5	676898.1
	2112287.4	676897.0
	2112287.4	676896.8
	2112282.6	676897.6
	2112281.1	676900.2
	2112283.4	676899.0
	2112287.5	676898.1
END		
107	2112280.5	676899.0
	2112281.1	676900.2
	2112282.6	676897.6
	2112287.4	676896.8
	2112287.3	676896.2
	2112281.8	676897.2
	2112279.0	676898.2
	2112279.7	676900.1
	2112280.0	676900.8
	2112281.1	676900.2
END		
108	2112272.9	676901.4
	2112279.7	676900.1
	2112279.0	676898.2
	2112269.4	676901.6
	2112269.6	676902.3
	2112270.0	676903.5
	2112279.7	676900.1
END		
109	2112273.5	676903.3
	2112280.5	676901.9
	2112280.0	676900.8
	2112279.7	676900.1
	2112270.0	676903.5
	2112270.3	676905.4
	2112280.5	676901.9
END		
110	2112117.5	676997.9
	2112120.4	676998.7
	2112124.1	676997.3
	2112122.8	676993.2
	2112112.4	676998.1
	2112111.3	677000.7
	2112113.7	677001.1
	2112120.4	676998.7
END		
111	2112117.1	676993.1
	2112122.8	676993.2
	2112121.3	676988.0
	2112112.3	676991.6
	2112109.2	676996.4
	2112111.3	677000.7
	2112112.4	676998.1
	2112122.8	676993.2
END		
112	2112109.5	676991.5
	2112112.3	676991.6
	2112107.9	676988.2
	2112105.3	676988.3
	2112109.2	676996.4
	2112112.3	676991.6
END		
113	2112104.8	676981.0
	2112106.1	676981.2
	2112105.0	676980.0
	2112102.2	676982.0
	2112102.4	676982.4
	2112106.1	676981.2
END		
114	2112109.3	676985.6
	2112107.9	676988.2
	2112116.1	676985.0
	2112114.6	676981.6
	2112104.0	676985.7
	2112105.3	676988.3
	2112107.9	676988.2
END		
115	2112107.2	676982.7
	2112114.6	676981.6
	2112113.9	676978.2
	2112107.6	676980.6
	2112106.1	676981.2
	2112102.4	676982.4
	2112104.0	676985.7
	2112114.6	676981.6
END		
116	2112117.7	677000.3
	2112114.6	677002.1
	2112117.9	677000.9
	2112120.8	676999.9
	2112120.4	676998.7
	2112113.7	677001.1
	2112111.3	677000.7
	2112112.3	677002.9
	2112114.6	677002.1
END		
117	2112113.8	677003.3
	2112115.3	677003.8
	2112114.6	677002.1
	2112112.3	677002.9
	2112112.9	677004.2
	2112115.3	677003.8
END		
118	2112125.8	676990.7
	2112130.6	676994.7
	2112129.8	676991.7
	2112129.1	676988.8
	2112126.2	676986.4
	2112121.3	676988.0
	2112122.8	676993.2
	2112124.1	676997.3
	2112130.6	676994.7
END		
119	2112122.9	676998.3
	2112124.7	676998.6
	2112124.1	676997.3
	2112120.4	676998.7
	2112120.8	676999.9
	2112124.7	676998.6
END		
120	2112115.2	676987.8
	2112121.3	676988.0
	2112123.7	676982.0
	2112116.1	676985.0
	2112107.9	676988.2
	2112112.3	676991.6
	2112121.3	676988.0
END		
121	2112126.9	676983.9
	2112131.0	676984.1
	2112129.5	676982.8
	2112126.8	676980.7
	2112123.7	676982.0
	2112121.3	676988.0
	2112126.2	676986.4
	2112129.1	676988.8
	2112131.0	676984.1
END		
122	2112122.0	676980.6
	2112123.7	676982.0
	2112126.8	676980.7
	2112125.9	676979.4
	2112124.7	676977.6
	2112114.6	676981.6
	2112116.1	676985.0
	2112123.7	676982.0
END		
123	2112128.7	676996.3
	2112127.0	676997.7
	2112131.1	676996.1
	2112130.6	676994.7
	2112124.1	676997.3
	2112124.7	676998.6
	2112127.0	676997.7
END		
124	2112131.2	676992.3
	2112132.5	676991.9
	2112132.3	676990.6
	2112129.8	676991.7
	2112130.6	676994.7
	2112131.7	676994.1
	2112132.5	676991.9
END		
125	2112130.5	676988.6
	2112132.3	676990.6
	2112132.0	676989.1
	2112131.6	676987.1
	2112131.0	676984.1
	2112129.1	676988.8
	2112129.8	676991.7
	2112132.3	676990.6
END		
126	2112129.9	676981.0
	2112134.7	676979.7
	2112132.1	676978.2
	2112126.8	676980.7
	2112129.5	676982.8
	2112134.7	676979.7
END		
127	2112133.9	676981.5
	2112136.1	676981.4
	2112134.7	676979.7
	2112129.5	676982.8
	2112131.0	676984.1
	2112136.1	676981.4
END		
128	2112106.2	676980.3
	2112107.6	676980.6
	2112106.8	676979.9
	2112105.8	676978.9
	2112105.0	676980.0
	2112106.1	676981.2
	2112107.6	676980.6
END		
129	2112120.0	676977.6
	2112124.7	676977.6
	2112122.2	676974.9
	2112113.9	676978.2
	2112114.6	676981.6
	2112124.7	676977.6
END		
130	2112111.4	676978.2
	2112113.9	676978.2
	2112112.4	676977.3
	2112111.3	676976.6
	2112106.8	676979.9
	2112107.6	676980.6
	2112113.9	676978.2
END		
131	2112127.7	676976.9
	2112130.2	676976.7
	2112128.0	676975.3
	2112124.7	676977.6
	2112125.9	676979.4
	2112130.2	676976.7
END		
132	2112129.8	676978.3
	2112132.1	676978.2
	2112130.2	676976.7
	2112125.9	676979.4
	2112126.8	676980.7
	2112132.1	676978.2
END		
133	2112119.2	676975.1
	2112122.2	676974.9
	2112120.9	676973.1
	2112112.4	676977.3
	2112113.9	676978.2
	2112122.2	676974.9
END		
134	2112124.8	676974.8
	2112128.0	676975.3
	2112126.5	676974.3
	2112124.5	676972.9
	2112122.2	676974.9
	2112124.7	676977.6
	2112128.0	676975.3
END		
135	2112108.6	676977.4
	2112111.3	676976.6
	2112109.9	676976.3
	2112107.1	676975.7
	2112106.9	676977.5
	2112105.8	676978.9
	2112106.8	676979.9
	2112111.3	676976.6
END		
136	2112109.2	676975.0
	2112111.7	676974.4
	2112109.1	676973.5
	2112107.6	676973.0
	2112107.1	676975.7
	2112109.9	676976.3
	2112111.7	676974.4
END		
137	2112113.2	676975.6
	2112120.9	676973.1
	2112118.2	676973.5
	2112111.7	676974.4
	2112109.9	676976.3
	2112111.3	676976.6
	2112112.4	676977.3
	2112120.9	676973.1
END		
138	2112123.6	676972.1
	2112124.5	676972.9
	2112126.0	676971.7
	2112125.5	676968.0
	2112120.9	676973.1
	2112122.2	676974.9
	2112124.5	676972.9
END		
139	2112113.2	676973.0
	2112118.2	676973.5
	2112115.6	676972.5
	2112111.1	676970.8
	2112109.1	676973.5
	2112111.7	676974.4
	2112118.2	676973.5
END		
140	2112117.9	676972.0
	2112120.9	676973.1
	2112119.5	676971.6
	2112117.8	676969.9
	2112115.6	676972.5
	2112118.2	676973.5
	2112120.9	676973.1
END		
141	2112109.0	676972.3
	2112111.1	676970.8
	2112110.4	676970.4
	2112108.3	676971.6
	2112107.6	676973.0
	2112109.1	676973.5
	2112111.1	676970.8
END		
142	2112113.1	676968.9
	2112115.5	676968.9
	2112114.7	676968.7
	2112113.9	676968.4
	2112112.6	676968.1
	2112111.3	676967.7
	2112110.4	676970.4
	2112111.1	676970.8
	2112115.5	676968.9
END		
143	2112112.7	676965.6
	2112113.7	676964.4
	2112112.5	676964.0
	2112111.8	676966.2
	2112113.1	676966.6
	2112113.7	676964.4
END		
144	2112114.8	676970.3
	2112117.8	676969.9
	2112115.5	676968.9
	2112111.1	676970.8
	2112115.6	676972.5
	2112117.8	676969.9
END		
145	2112113.5	676967.3
	2112114.3	676966.9
	2112113.1	676966.6
	2112112.9	676967.0
	2112112.6	676968.1
	2112113.9	676968.4
	2112114.3	676966.9
END		
146	2112114.5	676968.0
	2112115.1	676967.1
	2112114.3	676966.9
	2112113.9	676968.4
	2112114.7	676968.7
	2112115.1	676967.1
END		
147	2112115.9	676967.8
	2112117.0	676967.6
	2112115.1	676967.1
	2112114.7	676968.7
	2112115.5	676968.9
	2112117.0	676967.6
END		
148	2112112.1	676967.3
	2112113.1	676966.6
	2112111.8	676966.2
	2112111.3	676967.7
	2112112.6	676968.1
	2112112.9	676967.0
	2112113.1	676966.6
END		
149	2112118.1	676968.2
	2112121.1	676966.7
	2112118.6	676966.0
	2112117.0	676967.6
	2112115.5	676968.9
	2112117.8	676969.9
	2112119.5	676971.6
	2112121.1	676969.2
	2112119.4	676967.9
	2112121.1	676966.7
END		
150	2112122.7	676969.2
	2112125.5	676968.0
	2112124.2	676967.7
	2112122.7	676967.2
	2112121.1	676966.7
	2112119.4	676967.9
	2112121.1	676969.2
	2112119.5	676971.6
	2112120.9	676973.1
	2112125.5	676968.0
END		
151	2112116.7	677002.7
	2112118.6	677002.8
	2112117.9	677000.9
	2112114.6	677002.1
	2112115.3	677003.8
	2112118.6	677002.8
END		
152	2112119.7	677001.1
	2112121.4	677001.1
	2112120.8	676999.9
	2112117.9	677000.9
	2112118.6	677002.8
	2112121.4	677001.1
END		
153	2112122.3	677000.1
	2112125.1	676999.6
	2112124.7	676998.6
	2112120.8	676999.9
	2112121.4	677001.1
	2112125.1	676999.6
END		
154	2112132.7	676993.6
	2112133.1	676995.4
	2112133.1	676994.1
	2112134.1	676993.0
	2112132.5	676991.9
	2112131.7	676994.1
	2112130.6	676994.7
	2112131.1	676996.1
	2112133.1	676995.4
END		
155	2112134.1	676991.6
	2112135.4	676991.9
	2112136.4	676991.1
	2112135.4	676989.4
	2112132.3	676990.6
	2112132.5	676991.9
	2112134.1	676993.0
	2112135.4	676991.9
END		
156	2112135.2	676993.3
	2112134.7	676994.5
	2112136.6	676993.4
	2112135.4	676991.9
	2112134.1	676993.0
	2112133.1	676994.1
	2112133.1	676995.4
	2112134.7	676994.5
END		
157	2112135.1	676983.7
	2112138.4	676983.8
	2112136.1	676981.4
	2112131.0	676984.1
	2112131.6	676987.1
	2112138.4	676983.8
END		
158	2112134.0	676986.9
	2112139.7	676985.1
	2112138.4	676983.8
	2112131.6	676987.1
	2112132.0	676989.1
	2112139.7	676985.1
END		
159	2112137.7	676987.3
	2112135.4	676989.4
	2112139.9	676987.5
	2112139.7	676985.1
	2112132.0	676989.1
	2112132.3	676990.6
	2112135.4	676989.4
END		
160	2112114.1	676965.4
	2112115.0	676965.0
	2112113.7	676964.4
	2112113.1	676966.6
	2112114.3	676966.9
	2112115.0	676965.0
END		
161	2112115.8	676962.5
	2112118.5	676961.6
	2112118.0	676961.5
	2112115.6	676960.9
	2112112.5	676964.0
	2112113.7	676964.4
	2112115.0	676965.0
	2112118.5	676961.6
END		
162	2112116.2	676966.6
	2112118.6	676966.0
	2112117.1	676965.6
	2112115.0	676965.0
	2112114.3	676966.9
	2112115.1	676967.1
	2112117.0	676967.6
	2112118.6	676966.0
END		
163	2112117.2	676964.0
	2112120.1	676962.2
	2112119.1	676961.8
	2112118.5	676961.6
	2112115.0	676965.0
	2112117.1	676965.6
	2112120.1	676962.2
END		
164	2112120.2	676964.9
	2112122.3	676965.4
	2112123.9	676963.6
	2112122.6	676963.1
	2112121.4	676962.7
	2112120.1	676962.2
	2112117.1	676965.6
	2112118.6	676966.0
	2112121.1	676966.7
	2112122.3	676965.4
END		
165	2112122.6	676966.2
	2112124.3	676964.7
	2112122.3	676965.4
	2112121.1	676966.7
	2112122.7	676967.2
	2112124.6	676965.4
	2112124.3	676964.7
END		
166	2112125.4	676965.5
	2112126.0	676965.9
	2112126.8	676965.0
	2112124.9	676964.1
	2112124.3	676964.7
	2112124.6	676965.4
	2112122.7	676967.2
	2112124.2	676967.7
	2112126.0	676965.9
END		
167	2112125.6	676967.2
	2112126.7	676967.0
	2112126.0	676965.9
	2112124.2	676967.7
	2112125.5	676968.0
	2112126.7	676967.0
END		
168	2112127.7	676970.5
	2112130.1	676969.9
	2112128.2	676969.2
	2112125.5	676968.0
	2112126.0	676971.7
	2112124.5	676972.9
	2112126.5	676974.3
	2112130.1	676969.9
END		
169	2112128.8	676973.2
	2112130.5	676972.9
	2112130.5	676970.2
	2112130.1	676969.9
	2112126.5	676974.3
	2112128.0	676975.3
	2112130.5	676972.9
END		
170	2112130.4	676975.2
	2112131.9	676975.6
	2112133.0	676974.9
	2112130.5	676972.9
	2112128.0	676975.3
	2112130.2	676976.7
	2112131.9	676975.6
END		
171	2112132.2	676977.1
	2112133.8	676977.3
	2112131.9	676975.6
	2112130.2	676976.7
	2112132.1	676978.2
	2112133.8	676977.3
END		
172	2112134.9	676978.3
	2112138.0	676979.3
	2112135.7	676976.3
	2112133.8	676977.3
	2112132.1	676978.2
	2112134.7	676979.7
	2112138.0	676979.3
END		
173	2112139.8	676982.8
	2112142.7	676983.2
	2112140.5	676981.4
	2112138.0	676979.3
	2112134.7	676979.7
	2112136.1	676981.4
	2112138.4	676983.8
	2112139.7	676985.1
	2112142.7	676983.2
END		
174	2112137.5	676989.6
	2112138.3	676990.2
	2112140.3	676989.3
	2112139.9	676987.5
	2112135.4	676989.4
	2112136.4	676991.1
	2112138.3	676990.2
END		
175	2112141.0	676987.6
	2112142.8	676986.9
	2112139.7	676985.1
	2112139.9	676987.5
	2112140.3	676989.3
	2112142.8	676986.9
END		
176	2112137.6	676991.5
	2112139.4	676991.5
	2112138.3	676990.2
	2112136.4	676991.1
	2112135.4	676991.9
	2112136.6	676993.4
	2112139.4	676991.5
END		
177	2112142.3	676988.7
	2112144.0	676988.6
	2112142.8	676986.9
	2112140.3	676989.3
	2112138.3	676990.2
	2112139.4	676991.5
	2112144.0	676988.6
END		
178	2112138.8	676992.8
	2112140.3	676992.6
	2112139.4	676991.5
	2112136.6	676993.4
	2112136.8	676994.6
	2112140.3	676992.6
END		
179	2112141.5	676991.0
	2112145.2	676990.2
	2112144.6	676989.4
	2112144.0	676988.6
	2112139.4	676991.5
	2112140.3	676992.6
	2112144.0	676990.2
	2112145.2	676990.2
END		
180	2112144.3	676990.8
	2112145.6	676990.8
	2112145.2	676990.2
	2112144.0	676990.2
	2112140.3	676992.6
	2112140.8	676993.2
	2112145.6	676990.8
END		
181	2112146.7	676985.8
	2112148.8	676985.7
	2112147.8	676984.5
	2112146.8	676983.4
	2112145.0	676984.9
	2112144.0	676988.6
	2112144.6	676989.4
	2112148.8	676985.7
END		
182	2112148.1	676987.5
	2112149.5	676988.2
	2112149.5	676986.4
	2112148.8	676985.7
	2112144.6	676989.4
	2112145.2	676990.2
	2112149.5	676988.2
END		
183	2112143.7	676987.1
	2112145.0	676984.9
	2112142.8	676986.9
	2112144.0	676988.6
	2112145.0	676984.9
END		
184	2112141.6	676984.7
	2112142.7	676983.2
	2112139.7	676985.1
	2112142.8	676986.9
	2112142.7	676983.2
END		
185	2112144.5	676983.8
	2112145.0	676984.9
	2112146.8	676983.4
	2112146.3	676982.8
	2112145.2	676981.7
	2112142.7	676983.2
	2112142.8	676986.9
	2112145.0	676984.9
END		
186	2112140.7	676980.0
	2112142.8	676979.9
	2112140.9	676978.0
	2112138.0	676979.3
	2112140.5	676981.4
	2112142.8	676979.9
END		
187	2112142.7	676981.2
	2112145.2	676981.7
	2112144.7	676981.4
	2112142.8	676979.9
	2112140.5	676981.4
	2112142.7	676983.2
	2112145.2	676981.7
END		
188	2112143.3	676977.7
	2112147.3	676975.9
	2112146.4	676974.5
	2112142.0	676977.4
	2112140.9	676978.0
	2112142.8	676979.9
	2112147.3	676975.9
END		
189	2112139.0	676978.1
	2112140.9	676978.0
	2112142.0	676977.4
	2112135.7	676976.3
	2112138.0	676979.3
	2112140.9	676978.0
END		
190	2112145.1	676979.2
	2112148.4	676977.1
	2112147.3	676975.9
	2112142.8	676979.9
	2112144.7	676981.4
	2112148.4	676977.1
END		
191	2112148.2	676979.4
	2112148.5	676980.7
	2112150.2	676979.1
	2112148.4	676977.1
	2112144.7	676981.4
	2112145.2	676981.7
	2112146.3	676982.8
	2112148.5	676980.7
END		
192	2112134.2	676976.3
	2112135.7	676976.3
	2112133.0	676974.9
	2112131.9	676975.6
	2112133.8	676977.3
	2112135.7	676976.3
END		
193	2112132.9	676973.0
	2112135.1	676973.0
	2112134.1	676971.7
	2112133.1	676970.3
	2112130.5	676972.9
	2112133.0	676974.9
	2112135.1	676973.0
END		
194	2112135.2	676974.3
	2112137.5	676974.9
	2112135.1	676973.0
	2112133.0	676974.9
	2112135.7	676976.3
	2112137.5	676974.9
END		
195	2112130.4	676968.4
	2112133.2	676967.2
	2112130.5	676967.2
	2112129.4	676967.2
	2112128.2	676969.2
	2112130.1	676969.9
	2112130.5	676970.2
	2112133.2	676967.2
END		
196	2112131.5	676970.8
	2112133.1	676970.3
	2112132.7	676969.5
	2112130.5	676970.2
	2112130.5	676972.9
	2112133.1	676970.3
END		
197	2112127.4	676967.8
	2112129.4	676967.2
	2112126.7	676967.0
	2112125.5	676968.0
	2112128.2	676969.2
	2112129.4	676967.2
END		
198	2112122.1	676961.0
	2112123.7	676960.1
	2112122.2	676959.8
	2112120.1	676962.2
	2112121.4	676962.7
	2112123.7	676960.1
END		
199	2112123.5	676961.3
	2112125.0	676960.7
	2112123.7	676960.1
	2112121.4	676962.7
	2112122.6	676963.1
	2112125.0	676960.7
END		
200	2112124.8	676961.8
	2112124.9	676962.7
	2112126.3	676961.3
	2112125.9	676961.1
	2112125.0	676960.7
	2112122.6	676963.1
	2112123.9	676963.6
	2112124.9	676962.7
END		
201	2112124.5	676963.8
	2112124.3	676964.7
	2112124.9	676964.1
	2112125.8	676963.1
	2112124.9	676962.7
	2112123.9	676963.6
	2112122.3	676965.4
	2112124.3	676964.7
END		
202	2112126.0	676959.7
	2112128.0	676959.9
	2112125.9	676958.8
	2112123.7	676960.1
	2112125.0	676960.7
	2112125.9	676961.1
	2112128.0	676959.9
END		
203	2112127.0	676963.5
	2112129.6	676962.7
	2112127.8	676961.9
	2112126.3	676961.3
	2112124.9	676962.7
	2112125.8	676963.1
	2112124.9	676964.1
	2112126.8	676965.0
	2112129.6	676962.7
END		
204	2112129.0	676960.5
	2112132.1	676959.9
	2112131.3	676958.2
	2112128.0	676959.9
	2112125.9	676961.1
	2112126.3	676961.3
	2112127.8	676961.9
	2112132.1	676959.9
END		
205	2112129.2	676964.4
	2112131.0	676964.3
	2112129.6	676962.7
	2112126.8	676965.0
	2112126.0	676965.9
	2112126.7	676967.0
	2112131.0	676964.3
END		
206	2112129.4	676966.0
	2112131.0	676964.3
	2112126.7	676967.0
	2112129.4	676967.2
	2112130.5	676967.2
	2112131.0	676964.3
END		
207	2112131.8	676965.7
	2112132.3	676963.5
	2112131.0	676964.3
	2112130.5	676967.2
	2112133.2	676967.2
	2112132.3	676963.5
END		
208	2112132.9	676968.4
	2112134.1	676969.3
	2112133.2	676967.2
	2112130.5	676970.2
	2112132.7	676969.5
	2112133.1	676970.3
	2112134.1	676969.3
END		
209	2112130.9	676963.0
	2112132.3	676963.5
	2112131.5	676962.1
	2112129.6	676962.7
	2112131.0	676964.3
	2112132.3	676963.5
END		
210	2112134.6	676965.0
	2112136.9	676964.8
	2112132.3	676963.5
	2112133.2	676967.2
	2112136.9	676964.8
END		
211	2112134.2	676970.7
	2112135.2	676970.9
	2112134.1	676969.3
	2112133.1	676970.3
	2112134.1	676971.7
	2112135.2	676970.9
END		
212	2112136.2	676966.6
	2112138.4	676966.5
	2112137.8	676965.8
	2112136.9	676964.8
	2112133.2	676967.2
	2112134.1	676969.3
	2112138.4	676966.5
END		
213	2112135.5	676971.7
	2112137.0	676971.5
	2112135.2	676970.9
	2112134.1	676971.7
	2112135.1	676973.0
	2112137.0	676971.5
END		
214	2112136.1	676969.1
	2112139.7	676967.9
	2112139.1	676967.2
	2112138.4	676966.5
	2112134.1	676969.3
	2112135.2	676970.9
	2112139.7	676967.9
END		
215	2112137.3	676973.5
	2112138.8	676973.5
	2112137.0	676971.5
	2112135.1	676973.0
	2112137.5	676974.9
	2112138.8	676973.5
END		
216	2112137.7	676970.0
	2112140.5	676968.7
	2112139.9	676968.1
	2112139.7	676967.9
	2112135.2	676970.9
	2112137.0	676971.5
	2112140.5	676968.7
END		
217	2112138.7	676975.0
	2112140.3	676975.4
	2112139.2	676974.0
	2112138.8	676973.5
	2112137.5	676974.9
	2112135.7	676976.3
	2112142.0	676977.4
	2112140.3	676975.4
END		
218	2112139.5	676971.9
	2112142.5	676971.2
	2112140.5	676968.7
	2112137.0	676971.5
	2112138.8	676973.5
	2112139.2	676974.0
	2112142.5	676971.2
END		
219	2112144.0	676974.4
	2112146.4	676974.5
	2112144.6	676972.4
	2112140.3	676975.4
	2112142.0	676977.4
	2112146.4	676974.5
END		
220	2112148.7	676975.0
	2112152.3	676973.6
	2112150.4	676971.8
	2112146.4	676974.5
	2112147.3	676975.9
	2112148.4	676977.1
	2112152.3	676973.6
END		
221	2112142.2	676972.9
	2112144.6	676972.4
	2112142.5	676971.2
	2112139.2	676974.0
	2112140.3	676975.4
	2112144.6	676972.4
END		
222	2112147.0	676972.5
	2112150.4	676971.8
	2112148.8	676969.5
	2112144.6	676972.4
	2112146.4	676974.5
	2112150.4	676971.8
END		
223	2112142.0	676968.5
	2112144.4	676969.3
	2112142.0	676966.7
	2112141.1	676967.2
	2112139.9	676968.1
	2112140.5	676968.7
	2112142.5	676971.2
	2112144.4	676969.3
END		
224	2112145.5	676970.3
	2112148.8	676969.5
	2112148.3	676967.1
	2112144.4	676969.3
	2112142.5	676971.2
	2112144.6	676972.4
	2112148.8	676969.5
END		
225	2112140.1	676967.1
	2112141.1	676967.2
	2112140.2	676966.4
	2112139.1	676967.2
	2112139.7	676967.9
	2112139.9	676968.1
	2112141.1	676967.2
END		
226	2112139.7	676965.6
	2112140.2	676966.4
	2112142.5	676964.6
	2112142.2	676964.1
	2112141.7	676963.1
	2112137.8	676965.8
	2112138.4	676966.5
	2112139.1	676967.2
	2112140.2	676966.4
END		
227	2112139.5	676963.2
	2112141.7	676963.1
	2112141.1	676962.4
	2112140.5	676961.5
	2112137.3	676963.3
	2112136.9	676964.8
	2112137.8	676965.8
	2112141.7	676963.1
END		
228	2112134.9	676963.4
	2112137.3	676963.3
	2112137.9	676961.4
	2112135.4	676962.2
	2112132.3	676963.5
	2112136.9	676964.8
	2112137.3	676963.3
END		
229	2112133.3	676962.4
	2112135.4	676962.2
	2112134.8	676960.8
	2112131.5	676962.1
	2112132.3	676963.5
	2112135.4	676962.2
END		
230	2112132.7	676960.5
	2112131.5	676962.1
	2112134.8	676960.8
	2112133.9	676959.0
	2112132.1	676959.9
	2112127.8	676961.9
	2112129.6	676962.7
	2112131.5	676962.1
END		
231	2112136.2	676960.9
	2112137.9	676961.4
	2112137.0	676960.0
	2112134.8	676960.8
	2112135.4	676962.2
	2112137.9	676961.4
END		
232	2112139.1	676961.6
	2112140.5	676961.5
	2112140.3	676961.2
	2112139.6	676960.4
	2112137.9	676961.4
	2112137.3	676963.3
	2112140.5	676961.5
END		
233	2112133.2	676958.6
	2112133.9	676959.0
	2112135.8	676958.3
	2112135.6	676957.3
	2112135.6	676956.8
	2112131.3	676958.2
	2112132.1	676959.9
	2112133.9	676959.0
END		
234	2112135.3	676959.3
	2112137.0	676960.0
	2112136.4	676959.1
	2112135.8	676958.3
	2112133.9	676959.0
	2112134.8	676960.8
	2112137.0	676960.0
END		
235	2112128.3	676958.7
	2112131.3	676958.2
	2112130.4	676956.8
	2112125.9	676958.8
	2112128.0	676959.9
	2112131.3	676958.2
END		
236	2112133.1	676956.6
	2112135.6	676956.8
	2112135.7	676956.3
	2112135.9	676955.3
	2112136.2	676954.2
	2112133.9	676954.8
	2112131.7	676956.0
	2112130.4	676956.8
	2112131.3	676958.2
	2112135.6	676956.8
END		
237	2112136.5	676955.9
	2112136.5	676957.0
	2112137.8	676954.9
	2112137.1	676955.1
	2112135.9	676955.3
	2112135.7	676956.3
	2112135.6	676956.8
	2112135.6	676957.3
	2112136.5	676957.0
END		
238	2112136.6	676954.7
	2112137.1	676955.1
	2112137.4	676953.8
	2112136.2	676954.2
	2112135.9	676955.3
	2112137.1	676955.1
END		
239	2112137.2	676957.3
	2112140.8	676956.5
	2112140.4	676955.8
	2112138.2	676956.4
	2112136.5	676957.0
	2112135.6	676957.3
	2112135.8	676958.3
	2112140.8	676956.5
END		
240	2112140.1	676958.9
	2112143.4	676958.8
	2112142.7	676957.0
	2112136.4	676959.1
	2112137.0	676960.0
	2112139.1	676959.3
	2112139.5	676960.2
	2112143.4	676958.8
END		
241	2112139.4	676957.6
	2112142.7	676957.0
	2112140.8	676956.5
	2112135.8	676958.3
	2112136.4	676959.1
	2112142.7	676957.0
END		
242	2112138.3	676960.1
	2112139.6	676960.4
	2112139.5	676960.2
	2112139.1	676959.3
	2112137.0	676960.0
	2112137.9	676961.4
	2112139.6	676960.4
END		
243	2112141.8	676961.4
	2112143.3	676961.4
	2112142.8	676960.0
	2112140.3	676961.2
	2112140.5	676961.5
	2112141.1	676962.4
	2112143.3	676961.4
END		
244	2112140.9	676960.3
	2112142.8	676960.0
	2112143.4	676958.8
	2112139.5	676960.2
	2112139.6	676960.4
	2112140.3	676961.2
	2112142.8	676960.0
END		
245	2112143.6	676962.5
	2112146.4	676962.2
	2112146.2	676960.1
	2112143.3	676961.4
	2112141.1	676962.4
	2112141.7	676963.1
	2112142.2	676964.1
	2112146.4	676962.2
END		
246	2112141.7	676966.1
	2112142.0	676966.7
	2112143.1	676966.0
	2112142.5	676964.6
	2112140.2	676966.4
	2112141.1	676967.2
	2112142.0	676966.7
END		
247	2112144.0	676964.5
	2112146.9	676963.7
	2112146.6	676962.6
	2112146.4	676962.2
	2112142.2	676964.1
	2112142.5	676964.6
	2112143.1	676966.0
	2112146.9	676963.7
END		
248	2112145.3	676967.0
	2112148.3	676967.1
	2112147.0	676964.0
	2112146.9	676963.7
	2112143.1	676966.0
	2112142.0	676966.7
	2112144.4	676969.3
	2112148.3	676967.1
END		
249	2112148.6	676982.2
	2112150.5	676982.3
	2112148.5	676980.7
	2112146.3	676982.8
	2112146.8	676983.4
	2112147.8	676984.5
	2112150.5	676982.3
END		
250	2112149.4	676984.8
	2112151.8	676983.6
	2112150.5	676982.3
	2112147.8	676984.5
	2112148.8	676985.7
	2112149.5	676986.4
	2112151.8	676983.6
END		
251	2112151.7	676985.4
	2112153.5	676985.2
	2112151.8	676983.6
	2112149.5	676986.4
	2112149.5	676988.2
	2112153.5	676985.2
END		
252	2112151.1	676980.9
	2112153.3	676981.6
	2112153.3	676979.9
	2112150.2	676979.1
	2112148.5	676980.7
	2112150.5	676982.3
	2112151.8	676983.6
	2112153.3	676981.6
END		
253	2112152.2	676975.8
	2112154.6	676975.9
	2112152.3	676973.6
	2112148.4	676977.1
	2112150.2	676979.1
	2112154.6	676975.9
END		
254	2112152.7	676983.8
	2112153.3	676981.6
	2112151.8	676983.6
	2112153.5	676985.2
	2112153.3	676981.6
END		
255	2112156.2	676979.3
	2112158.9	676980.0
	2112158.0	676979.1
	2112156.6	676977.8
	2112153.3	676979.9
	2112153.3	676981.6
	2112158.9	676980.0
END		
256	2112153.6	676978.3
	2112156.6	676977.8
	2112154.6	676975.9
	2112150.2	676979.1
	2112153.3	676979.9
	2112156.6	676977.8
END		
257	2112155.2	676973.6
	2112158.9	676973.0
	2112157.1	676970.2
	2112152.3	676973.6
	2112154.6	676975.9
	2112158.9	676973.0
END		
258	2112152.1	676968.5
	2112157.1	676970.2
	2112152.8	676965.1
	2112148.3	676967.1
	2112148.8	676969.5
	2112150.4	676971.8
	2112152.3	676973.6
	2112157.1	676970.2
END		
259	2112148.7	676962.7
	2112153.2	676961.8
	2112152.5	676960.6
	2112149.2	676961.7
	2112146.6	676962.6
	2112146.9	676963.7
	2112147.0	676964.0
	2112153.2	676961.8
END		
260	2112151.2	676964.0
	2112152.8	676965.1
	2112155.2	676964.0
	2112153.2	676961.8
	2112147.0	676964.0
	2112148.3	676967.1
	2112152.8	676965.1
END		
261	2112147.5	676960.7
	2112149.2	676961.7
	2112148.0	676959.5
	2112146.2	676960.1
	2112146.4	676962.2
	2112146.6	676962.6
	2112149.2	676961.7
END		
262	2112144.1	676960.5
	2112146.2	676960.1
	2112142.8	676960.0
	2112143.3	676961.4
	2112146.2	676960.1
END		
263	2112148.1	676958.1
	2112148.0	676959.5
	2112152.7	676958.0
	2112151.7	676955.2
	2112145.7	676957.1
	2112143.8	676957.9
	2112143.4	676958.8
	2112142.8	676960.0
	2112146.2	676960.1
	2112148.0	676959.5
END		
264	2112144.2	676957.1
	2112145.7	676957.1
	2112145.3	676956.0
	2112142.7	676957.0
	2112143.4	676958.8
	2112143.8	676957.9
	2112145.7	676957.1
END		
265	2112142.9	676955.8
	2112145.3	676956.0
	2112145.0	676955.2
	2112144.7	676954.1
	2112140.4	676955.8
	2112140.8	676956.5
	2112142.7	676957.0
	2112145.3	676956.0
END		
266	2112142.3	676954.3
	2112140.4	676955.8
	2112144.7	676954.1
	2112143.8	676953.1
	2112142.0	676952.9
	2112140.3	676954.5
	2112138.2	676956.4
	2112140.4	676955.8
END		
267	2112138.9	676954.8
	2112138.2	676956.4
	2112140.3	676954.5
	2112138.8	676953.3
	2112137.8	676954.9
	2112136.5	676957.0
	2112138.2	676956.4
END		
268	2112137.7	676954.4
	2112137.8	676954.9
	2112138.8	676953.3
	2112137.4	676953.8
	2112137.1	676955.1
	2112137.8	676954.9
END		
269	2112140.2	676953.9
	2112142.0	676952.9
	2112138.8	676953.3
	2112140.3	676954.5
	2112142.0	676952.9
END		
270	2112144.4	676952.3
	2112146.5	676951.9
	2112146.0	676951.0
	2112145.1	676951.4
	2112144.0	676951.9
	2112142.0	676952.9
	2112143.8	676953.1
	2112145.3	676952.4
	2112146.5	676951.9
END		
271	2112145.0	676953.4
	2112146.1	676953.7
	2112145.3	676952.4
	2112143.8	676953.1
	2112144.7	676954.1
	2112146.1	676953.7
END		
272	2112141.8	676952.5
	2112142.0	676952.9
	2112144.0	676951.9
	2112141.6	676951.9
	2112141.4	676952.0
	2112139.9	676953.0
	2112138.8	676953.3
	2112142.0	676952.9
END		
273	2112148.7	676954.8
	2112151.7	676955.2
	2112150.0	676953.3
	2112145.0	676955.2
	2112145.3	676956.0
	2112145.7	676957.1
	2112151.7	676955.2
END		
274	2112146.2	676954.1
	2112150.0	676953.3
	2112149.2	676952.6
	2112147.2	676953.3
	2112146.1	676953.7
	2112144.7	676954.1
	2112145.0	676955.2
	2112150.0	676953.3
END		
275	2112150.5	676960.2
	2112152.5	676960.6
	2112152.7	676958.0
	2112148.0	676959.5
	2112149.2	676961.7
	2112152.5	676960.6
END		
276	2112154.5	676956.8
	2112156.2	676954.9
	2112154.2	676955.0
	2112151.7	676955.2
	2112152.7	676958.0
	2112156.9	676958.1
	2112156.2	676954.9
END		
277	2112154.0	676960.5
	2112152.7	676958.0
	2112152.5	676960.6
	2112153.2	676961.8
	2112157.4	676962.2
	2112152.7	676958.0
END		
278	2112157.2	676967.8
	2112159.9	676968.2
	2112155.2	676964.0
	2112152.8	676965.1
	2112157.1	676970.2
	2112159.9	676968.2
END		
279	2112155.4	676962.7
	2112157.4	676962.2
	2112153.2	676961.8
	2112155.2	676964.0
	2112157.4	676962.2
END		
280	2112161.5	676969.1
	2112164.5	676969.3
	2112162.1	676966.5
	2112159.9	676968.2
	2112157.1	676970.2
	2112158.9	676973.0
	2112164.5	676969.3
END		
281	2112160.0	676966.6
	2112162.1	676966.5
	2112155.2	676964.0
	2112159.9	676968.2
	2112162.1	676966.5
END		
282	2112157.1	676975.9
	2112160.4	676975.3
	2112158.9	676973.0
	2112154.6	676975.9
	2112156.6	676977.8
	2112160.4	676975.3
END		
283	2112161.4	676972.9
	2112162.7	676973.6
	2112164.6	676972.2
	2112164.5	676969.3
	2112158.9	676973.0
	2112160.4	676975.3
	2112162.7	676973.6
END		
284	2112164.9	676967.7
	2112168.2	676966.5
	2112167.4	676965.3
	2112162.1	676966.5
	2112164.5	676969.3
	2112168.2	676966.5
END		
285	2112156.5	676982.1
	2112161.0	676981.4
	2112158.9	676980.0
	2112153.3	676981.6
	2112153.5	676985.2
	2112161.0	676981.4
END		
286	2112161.6	676979.6
	2112162.6	676980.2
	2112165.2	676978.5
	2112164.1	676976.9
	2112158.9	676980.0
	2112161.0	676981.4
	2112162.6	676980.2
END		
287	2112158.5	676977.6
	2112160.6	676977.2
	2112160.4	676975.3
	2112156.6	676977.8
	2112158.0	676979.1
	2112160.6	676977.2
END		
288	2112161.9	676977.3
	2112164.1	676976.9
	2112163.2	676975.6
	2112160.6	676977.2
	2112158.0	676979.1
	2112158.9	676980.0
	2112164.1	676976.9
END		
289	2112161.9	676975.0
	2112163.2	676975.6
	2112162.7	676973.6
	2112160.4	676975.3
	2112160.6	676977.2
	2112163.2	676975.6
END		
290	2112164.5	676973.6
	2112166.3	676973.6
	2112164.6	676972.2
	2112162.7	676973.6
	2112163.2	676975.6
	2112166.3	676973.6
END		
291	2112167.5	676971.2
	2112171.1	676972.2
	2112169.7	676969.7
	2112169.2	676968.6
	2112164.5	676969.3
	2112164.6	676972.2
	2112166.3	676973.6
	2112167.2	676975.2
	2112171.1	676972.2
END		
292	2112164.9	676975.6
	2112167.2	676975.2
	2112166.3	676973.6
	2112163.2	676975.6
	2112164.1	676976.9
	2112167.2	676975.2
END		
293	2112165.8	676980.0
	2112170.1	676979.1
	2112167.9	676976.9
	2112165.2	676978.5
	2112162.6	676980.2
	2112165.2	676982.1
	2112170.1	676979.1
END		
294	2112165.9	676977.2
	2112167.9	676976.9
	2112167.2	676975.2
	2112164.1	676976.9
	2112165.2	676978.5
	2112167.9	676976.9
END		
295	2112171.8	676976.2
	2112174.6	676976.1
	2112172.5	676974.3
	2112167.9	676976.9
	2112170.1	676979.1
	2112174.6	676976.1
END		
296	2112170.5	676974.1
	2112172.5	676974.3
	2112171.1	676972.2
	2112167.2	676975.2
	2112167.9	676976.9
	2112172.5	676974.3
END		
297	2112167.5	676968.2
	2112169.2	676968.6
	2112168.2	676966.5
	2112164.5	676969.3
	2112169.2	676968.6
END		
298	2112172.4	676969.9
	2112174.9	676970.0
	2112176.7	676967.2
	2112177.3	676966.3
	2112174.8	676967.5
	2112169.7	676969.7
	2112171.1	676972.2
	2112174.9	676970.0
END		
299	2112164.6	676965.3
	2112167.4	676965.3
	2112161.5	676963.5
	2112162.1	676966.5
	2112167.4	676965.3
END		
300	2112158.5	676963.9
	2112161.5	676963.5
	2112157.4	676962.2
	2112155.2	676964.0
	2112162.1	676966.5
	2112161.5	676963.5
END		
301	2112160.3	676961.7
	2112163.3	676961.9
	2112159.6	676960.5
	2112157.4	676962.2
	2112161.5	676963.5
	2112163.3	676961.9
END		
302	2112156.7	676959.7
	2112159.6	676960.5
	2112156.9	676958.1
	2112152.7	676958.0
	2112157.4	676962.2
	2112159.6	676960.5
END		
303	2112152.1	676954.2
	2112154.2	676955.0
	2112153.6	676954.4
	2112151.4	676952.8
	2112150.0	676953.3
	2112151.7	676955.2
	2112154.2	676955.0
END		
304	2112154.8	676954.6
	2112156.2	676954.9
	2112155.3	676954.3
	2112153.6	676954.4
	2112154.2	676955.0
	2112156.2	676954.9
END		
305	2112157.9	676956.1
	2112159.6	676958.0
	2112159.3	676954.7
	2112158.2	676954.7
	2112156.2	676954.9
	2112156.9	676958.1
	2112159.6	676958.0
END		
306	2112158.7	676959.0
	2112159.6	676958.0
	2112156.9	676958.1
	2112159.6	676960.5
	2112159.6	676958.0
END		
307	2112162.1	676959.9
	2112165.1	676959.1
	2112162.1	676957.6
	2112160.8	676956.9
	2112159.6	676958.0
	2112159.6	676960.5
	2112163.3	676961.9
	2112165.1	676959.1
END		
308	2112146.4	676953.0
	2112147.2	676953.3
	2112146.5	676951.9
	2112145.3	676952.4
	2112146.1	676953.7
	2112147.2	676953.3
END		
309	2112147.7	676952.2
	2112149.2	676952.6
	2112148.5	676952.0
	2112147.8	676951.5
	2112146.5	676951.9
	2112147.2	676953.3
	2112149.2	676952.6
END		
310	2112150.1	676952.6
	2112151.4	676952.8
	2112149.2	676951.5
	2112148.5	676952.0
	2112149.2	676952.6
	2112150.0	676953.3
	2112151.4	676952.8
END		
311	2112146.9	676951.3
	2112147.8	676951.5
	2112147.6	676951.2
	2112147.3	676950.5
	2112146.0	676951.0
	2112146.5	676951.9
	2112147.8	676951.5
END		
312	2112148.5	676951.4
	2112149.2	676951.5
	2112148.8	676950.5
	2112147.6	676951.2
	2112147.8	676951.5
	2112148.5	676952.0
	2112149.2	676951.5
END		
313	2112148.0	676950.5
	2112148.8	676950.5
	2112149.8	676949.9
	2112149.6	676949.5
	2112147.3	676950.5
	2112147.6	676951.2
	2112148.8	676950.5
END		
314	2112150.5	676950.9
	2112151.8	676952.3
	2112152.5	676951.4
	2112150.6	676949.6
	2112149.8	676949.9
	2112148.8	676950.5
	2112149.2	676951.5
	2112151.4	676952.8
	2112151.8	676952.3
END		
315	2112153.8	676950.7
	2112155.8	676950.7
	2112151.5	676949.2
	2112150.6	676949.6
	2112152.5	676951.4
	2112155.6	676951.6
	2112155.8	676950.7
END		
316	2112153.9	676954.0
	2112155.3	676954.3
	2112151.8	676952.3
	2112151.4	676952.8
	2112153.6	676954.4
	2112155.3	676954.3
END		
317	2112156.2	676954.2
	2112158.2	676954.7
	2112155.3	676953.0
	2112152.5	676951.4
	2112151.8	676952.3
	2112155.3	676954.3
	2112156.2	676954.9
	2112158.2	676954.7
END		
318	2112154.6	676952.1
	2112155.5	676952.2
	2112155.6	676951.6
	2112152.5	676951.4
	2112155.3	676953.0
	2112155.5	676952.2
END		
319	2112157.5	676953.7
	2112158.7	676953.3
	2112155.5	676952.2
	2112155.3	676953.0
	2112158.2	676954.7
	2112158.7	676953.3
END		
320	2112157.0	676952.3
	2112158.1	676952.2
	2112155.6	676951.6
	2112155.5	676952.2
	2112158.7	676953.3
	2112158.1	676952.2
END		
321	2112160.3	676954.1
	2112158.7	676953.3
	2112158.2	676954.7
	2112159.3	676954.7
	2112163.1	676954.8
	2112160.7	676953.0
	2112158.7	676953.3
END		
322	2112160.6	676956.0
	2112160.8	676956.9
	2112161.8	676955.9
	2112163.1	676954.8
	2112159.3	676954.7
	2112159.6	676958.0
	2112160.8	676956.9
END		
323	2112162.1	676956.9
	2112163.4	676956.9
	2112161.8	676955.9
	2112160.8	676956.9
	2112162.1	676957.6
	2112163.4	676956.9
END		
324	2112163.8	676956.0
	2112168.1	676957.2
	2112163.1	676954.8
	2112161.8	676955.9
	2112163.4	676956.9
	2112167.1	676957.9
	2112168.1	676957.2
END		
325	2112165.0	676958.3
	2112167.1	676957.9
	2112163.4	676956.9
	2112162.1	676957.6
	2112165.1	676959.1
	2112167.1	676957.9
END		
326	2112166.9	676959.0
	2112168.1	676959.5
	2112169.5	676958.1
	2112170.8	676956.7
	2112168.1	676957.2
	2112167.1	676957.9
	2112165.1	676959.1
	2112167.1	676960.6
	2112168.1	676959.5
END		
327	2112170.6	676955.1
	2112170.8	676956.7
	2112172.2	676955.1
	2112171.1	676953.7
	2112168.9	676955.1
	2112166.3	676955.7
	2112168.1	676957.2
	2112170.8	676956.7
END		
328	2112172.6	676953.9
	2112174.6	676953.5
	2112174.2	676952.1
	2112171.1	676953.7
	2112172.2	676955.1
	2112174.6	676953.5
END		
329	2112175.1	676954.8
	2112177.2	676955.7
	2112177.6	676953.8
	2112174.6	676953.5
	2112172.2	676955.1
	2112170.8	676956.7
	2112177.2	676955.7
END		
330	2112178.4	676951.0
	2112182.1	676952.4
	2112180.6	676949.1
	2112177.0	676949.3
	2112174.7	676951.6
	2112174.2	676952.1
	2112174.6	676953.5
	2112177.6	676953.8
	2112182.1	676952.4
END		
331	2112176.7	676945.9
	2112180.6	676949.1
	2112178.0	676943.7
	2112174.8	676943.7
	2112174.2	676946.5
	2112177.0	676949.3
	2112180.6	676949.1
END		
332	2112173.2	676972.6
	2112175.8	676972.1
	2112174.9	676970.0
	2112171.1	676972.2
	2112172.5	676974.3
	2112175.8	676972.1
END		
333	2112177.4	676973.8
	2112179.7	676973.9
	2112177.9	676973.0
	2112175.8	676972.1
	2112174.6	676976.1
	2112175.4	676976.4
	2112179.7	676973.9
END		
334	2112173.9	676974.5
	2112175.8	676972.1
	2112172.5	676974.3
	2112174.6	676976.1
	2112175.8	676972.1
END		
335	2112182.8	676971.9
	2112187.5	676970.9
	2112186.3	676969.0
	2112177.9	676973.0
	2112179.7	676973.9
	2112183.1	676973.1
	2112187.5	676970.9
END		
336	2112182.7	676969.0
	2112186.3	676969.0
	2112185.0	676966.3
	2112179.7	676968.3
	2112177.4	676970.6
	2112175.8	676972.1
	2112177.9	676973.0
	2112186.3	676969.0
END		
337	2112176.1	676970.2
	2112177.4	676970.6
	2112176.7	676967.2
	2112174.9	676970.0
	2112175.8	676972.1
	2112177.4	676970.6
END		
338	2112178.7	676968.0
	2112185.0	676966.3
	2112177.3	676966.3
	2112176.7	676967.2
	2112177.4	676970.6
	2112179.7	676968.3
	2112185.0	676966.3
END		
339	2112175.5	676966.1
	2112177.3	676966.3
	2112177.2	676964.0
	2112173.6	676965.9
	2112174.8	676967.5
	2112177.3	676966.3
END		
340	2112190.1	676967.1
	2112194.9	676967.7
	2112193.4	676964.6
	2112185.0	676966.3
	2112186.3	676969.0
	2112187.5	676970.9
	2112194.9	676967.7
END		
341	2112181.0	676965.3
	2112185.0	676966.3
	2112184.4	676963.7
	2112177.2	676964.0
	2112177.3	676966.3
	2112185.0	676966.3
END		
342	2112180.8	676963.0
	2112184.4	676963.7
	2112184.0	676961.4
	2112177.6	676962.2
	2112177.2	676964.0
	2112184.4	676963.7
END		
343	2112191.3	676962.6
	2112193.4	676964.6
	2112192.5	676961.7
	2112192.0	676960.1
	2112189.9	676962.5
	2112184.4	676963.7
	2112185.0	676966.3
	2112193.4	676964.6
END		
344	2112187.1	676962.2
	2112192.0	676960.1
	2112184.0	676961.4
	2112184.4	676963.7
	2112189.9	676962.5
	2112192.0	676960.1
END		
345	2112194.4	676958.3
	2112197.4	676956.2
	2112189.8	676953.3
	2112190.4	676956.3
	2112192.0	676960.1
	2112192.5	676961.7
	2112197.5	676958.8
	2112197.4	676956.2
END		
346	2112192.9	676949.9
	2112200.2	676947.5
	2112201.5	676946.9
	2112200.7	676944.9
	2112189.7	676950.0
	2112189.8	676953.3
	2112200.2	676947.5
END		
347	2112185.3	676949.9
	2112189.7	676950.0
	2112189.6	676946.2
	2112180.6	676949.1
	2112182.1	676952.4
	2112189.7	676950.0
END		
348	2112176.4	676942.6
	2112178.0	676943.7
	2112177.7	676942.7
	2112177.1	676940.9
	2112175.4	676941.1
	2112174.8	676943.7
	2112178.0	676943.7
END		
349	2112181.3	676940.4
	2112184.4	676940.3
	2112179.8	676939.7
	2112177.1	676940.9
	2112183.2	676941.4
	2112184.4	676940.3
END		
350	2112180.2	676941.8
	2112183.2	676941.4
	2112177.1	676940.9
	2112177.7	676942.7
	2112182.1	676943.3
	2112183.2	676941.4
END		
351	2112182.9	676945.2
	2112189.6	676946.2
	2112182.1	676943.3
	2112177.7	676942.7
	2112178.0	676943.7
	2112180.6	676949.1
	2112189.6	676946.2
END		
352	2112185.1	676940.7
	2112187.5	676939.9
	2112187.4	676939.4
	2112187.3	676939.1
	2112184.4	676940.3
	2112183.2	676941.4
	2112184.3	676941.8
	2112187.5	676939.9
END		
353	2112185.3	676943.3
	2112189.7	676943.9
	2112184.3	676941.8
	2112183.2	676941.4
	2112182.1	676943.3
	2112189.6	676946.2
	2112189.7	676943.9
END		
354	2112202.7	676956.0
	2112208.8	676956.9
	2112205.4	676953.7
	2112201.6	676950.2
	2112197.4	676956.2
	2112197.5	676958.8
	2112192.5	676961.7
	2112193.4	676964.6
	2112206.4	676960.5
	2112208.8	676956.9
END		
355	2112195.3	676952.7
	2112201.6	676950.2
	2112200.2	676947.5
	2112189.8	676953.3
	2112197.4	676956.2
	2112201.6	676950.2
END		
356	2112204.3	676950.9
	2112205.3	676949.0
	2112201.6	676950.2
	2112205.4	676953.7
	2112207.6	676952.9
	2112205.3	676949.0
END		
357	2112207.3	676949.8
	2112211.1	676954.3
	2112208.0	676948.0
	2112205.3	676949.0
	2112207.6	676952.9
	2112205.4	676953.7
	2112208.8	676956.9
	2112211.1	676954.3
END		
358	2112204.2	676947.3
	2112205.3	676949.0
	2112208.0	676948.0
	2112206.8	676945.3
	2112201.5	676946.9
	2112200.2	676947.5
	2112201.6	676950.2
	2112205.3	676949.0
END		
359	2112196.3	676945.1
	2112200.7	676944.9
	2112199.6	676941.9
	2112189.6	676946.2
	2112189.7	676950.0
	2112200.7	676944.9
END		
360	2112203.9	676944.8
	2112206.8	676945.3
	2112205.8	676943.4
	2112200.7	676944.9
	2112201.5	676946.9
	2112206.8	676945.3
END		
361	2112186.6	676941.5
	2112188.2	676941.1
	2112187.5	676939.9
	2112184.3	676941.8
	2112189.7	676943.9
	2112188.2	676941.1
END		
362	2112193.0	676944.1
	2112199.6	676941.9
	2112199.3	676941.0
	2112194.5	676943.1
	2112191.4	676944.2
	2112189.7	676943.9
	2112189.6	676946.2
	2112199.6	676941.9
END		
363	2112190.7	676939.8
	2112194.1	676940.5
	2112194.0	676940.0
	2112193.9	676938.9
	2112187.4	676939.4
	2112187.5	676939.9
	2112188.2	676941.1
	2112194.1	676940.5
END		
364	2112191.7	676942.7
	2112194.5	676943.1
	2112194.3	676941.7
	2112194.1	676940.5
	2112188.2	676941.1
	2112189.7	676943.9
	2112191.4	676944.2
	2112194.5	676943.1
END		
365	2112195.6	676940.4
	2112199.2	676939.4
	2112199.3	676938.5
	2112194.0	676940.0
	2112194.1	676940.5
	2112194.3	676941.7
	2112199.2	676939.4
END		
366	2112195.4	676939.2
	2112199.3	676938.5
	2112199.4	676937.9
	2112193.9	676938.9
	2112194.0	676940.0
	2112199.3	676938.5
END		
367	2112202.4	676942.2
	2112205.8	676943.4
	2112204.1	676940.4
	2112199.6	676941.9
	2112200.7	676944.9
	2112205.8	676943.4
END		
368	2112197.7	676940.9
	2112199.3	676941.0
	2112199.2	676939.4
	2112194.3	676941.7
	2112194.5	676943.1
	2112199.3	676941.0
END		
369	2112202.5	676940.1
	2112204.1	676940.4
	2112203.2	676939.0
	2112199.3	676941.0
	2112199.6	676941.9
	2112204.1	676940.4
END		
370	2112201.6	676939.0
	2112203.2	676939.0
	2112202.2	676937.6
	2112199.2	676939.4
	2112199.3	676941.0
	2112203.2	676939.0
END		
371	2112207.7	676935.9
	2112211.1	676936.7
	2112210.4	676935.4
	2112209.0	676932.8
	2112205.3	676935.5
	2112202.2	676937.6
	2112203.2	676939.0
	2112204.1	676940.4
	2112211.1	676936.7
END		
372	2112208.6	676940.7
	2112213.0	676940.9
	2112211.1	676936.7
	2112204.1	676940.4
	2112205.8	676943.4
	2112213.0	676940.9
END		
373	2112213.1	676949.6
	2112218.0	676950.7
	2112213.0	676940.9
	2112205.8	676943.4
	2112206.8	676945.3
	2112208.0	676948.0
	2112211.1	676954.3
	2112216.5	676955.3
	2112218.0	676950.7
END		
374	2112221.7	676956.2
	2112232.0	676953.3
	2112224.3	676954.3
	2112216.5	676955.3
	2112221.2	676958.1
	2112232.0	676953.3
END		
375	2112217.7	676946.1
	2112220.2	676946.8
	2112216.2	676939.2
	2112213.0	676940.9
	2112218.0	676950.7
	2112220.2	676946.8
END		
376	2112220.3	676951.9
	2112224.3	676954.3
	2112220.2	676946.8
	2112218.0	676950.7
	2112216.5	676955.3
	2112224.3	676954.3
END		
377	2112214.0	676937.1
	2112216.2	676939.2
	2112217.7	676938.5
	2112215.0	676934.6
	2112211.1	676936.7
	2112213.0	676940.9
	2112216.2	676939.2
END		
378	2112211.4	676933.1
	2112214.7	676932.3
	2112211.7	676931.5
	2112209.0	676932.8
	2112210.4	676935.4
	2112214.7	676932.3
END		
379	2112218.1	676931.5
	2112215.0	676934.6
	2112218.4	676932.7
	2112222.1	676930.7
	2112219.8	676928.1
	2112214.7	676932.3
	2112210.4	676935.4
	2112211.1	676936.7
	2112215.0	676934.6
END		
380	2112213.0	676929.0
	2112211.7	676931.5
	2112215.7	676926.9
	2112214.5	676926.4
	2112211.3	676929.8
	2112208.5	676932.3
	2112209.0	676932.8
	2112211.7	676931.5
END		
381	2112217.0	676928.3
	2112219.8	676928.1
	2112217.1	676925.7
	2112215.7	676926.9
	2112211.7	676931.5
	2112214.7	676932.3
	2112219.8	676928.1
END		
382	2112217.0	676924.9
	2112217.1	676925.7
	2112218.5	676924.5
	2112217.2	676923.5
	2112214.5	676926.4
	2112215.7	676926.9
	2112217.1	676925.7
END		
383	2112218.7	676923.3
	2112219.8	676923.5
	2112220.3	676921.6
	2112217.2	676923.5
	2112218.5	676924.5
	2112219.8	676923.5
END		
384	2112219.6	676926.6
	2112221.3	676926.9
	2112219.9	676925.6
	2112218.5	676924.5
	2112217.1	676925.7
	2112219.8	676928.1
	2112221.3	676926.9
END		
385	2112222.5	676921.0
	2112228.0	676918.1
	2112227.6	676917.2
	2112220.3	676921.6
	2112219.8	676923.5
	2112228.0	676918.1
END		
386	2112230.9	676917.8
	2112223.3	676923.3
	2112229.1	676919.3
	2112233.6	676918.1
	2112232.1	676916.6
	2112231.4	676915.8
	2112228.0	676918.1
	2112219.8	676923.5
	2112218.5	676924.5
	2112219.9	676925.6
	2112223.3	676923.3
END		
387	2112217.9	676935.0
	2112221.2	676935.7
	2112218.4	676932.7
	2112215.0	676934.6
	2112217.7	676938.5
	2112221.2	676935.7
END		
388	2112222.8	676932.7
	2112229.6	676931.4
	2112222.1	676930.7
	2112218.4	676932.7
	2112221.2	676935.7
	2112229.6	676931.4
END		
389	2112222.6	676929.6
	2112227.5	676929.0
	2112224.7	676930.2
	2112222.5	676928.0
	2112221.3	676926.9
	2112219.8	676928.1
	2112222.1	676930.7
	2112229.6	676931.4
	2112227.5	676929.0
END		
390	2112223.0	676940.6
	2112228.7	676945.7
	2112229.0	676942.3
	2112229.3	676936.0
	2112229.6	676931.4
	2112221.2	676935.7
	2112217.7	676938.5
	2112216.2	676939.2
	2112220.2	676946.8
	2112228.7	676945.7
END		
391	2112226.7	676950.9
	2112232.0	676953.3
	2112231.1	676951.3
	2112228.7	676945.7
	2112220.2	676946.8
	2112224.3	676954.3
	2112232.0	676953.3
END		
392	2112236.9	676950.1
	2112240.3	676949.9
	2112239.2	676948.0
	2112231.1	676951.3
	2112232.0	676953.3
	2112240.3	676949.9
END		
393	2112234.1	676947.6
	2112239.2	676948.0
	2112233.6	676945.2
	2112228.7	676945.7
	2112231.1	676951.3
	2112239.2	676948.0
END		
394	2112231.1	676943.5
	2112233.6	676945.2
	2112233.3	676942.0
	2112229.0	676942.3
	2112228.7	676945.7
	2112233.6	676945.2
END		
395	2112232.4	676932.3
	2112234.9	676934.6
	2112236.1	676934.3
	2112234.3	676929.9
	2112229.6	676931.4
	2112229.3	676936.0
	2112234.9	676934.6
END		
396	2112231.1	676939.8
	2112233.3	676942.0
	2112232.8	676937.1
	2112229.3	676936.0
	2112229.0	676942.3
	2112233.3	676942.0
END		
397	2112229.8	676916.3
	2112231.4	676915.8
	2112230.5	676915.0
	2112227.6	676917.2
	2112228.0	676918.1
	2112231.4	676915.8
END		
398	2112223.5	676925.2
	2112228.8	676923.5
	2112223.3	676923.3
	2112219.9	676925.6
	2112221.3	676926.9
	2112222.5	676928.0
	2112228.8	676923.5
END		
399	2112226.0	676927.5
	2112227.5	676929.0
	2112230.7	676925.0
	2112228.8	676923.5
	2112222.5	676928.0
	2112224.7	676930.2
	2112227.5	676929.0
END		
400	2112230.6	676928.8
	2112234.3	676929.9
	2112233.2	676928.4
	2112230.7	676925.0
	2112227.5	676929.0
	2112229.6	676931.4
	2112234.3	676929.9
END		
401	2112230.7	676920.9
	2112232.6	676920.6
	2112233.6	676918.1
	2112229.1	676919.3
	2112228.8	676923.5
	2112230.7	676925.0
	2112232.6	676920.6
END		
402	2112235.4	676913.3
	2112243.3	676909.9
	2112242.8	676909.2
	2112242.2	676908.4
	2112236.4	676911.4
	2112230.5	676915.0
	2112231.4	676915.8
	2112232.1	676916.6
	2112243.3	676909.9
END		
403	2112227.2	676921.8
	2112229.1	676919.3
	2112223.3	676923.3
	2112228.8	676923.5
	2112229.1	676919.3
END		
404	2112240.6	676913.2
	2112245.2	676912.2
	2112244.4	676911.3
	2112243.3	676909.9
	2112232.1	676916.6
	2112233.6	676918.1
	2112245.2	676912.2
END		
405	2112233.8	676923.7
	2112237.1	676922.7
	2112232.6	676920.6
	2112230.7	676925.0
	2112233.2	676928.4
	2112237.1	676922.7
END		
406	2112237.5	676925.6
	2112240.8	676926.5
	2112239.3	676925.0
	2112237.1	676922.7
	2112233.2	676928.4
	2112234.3	676929.9
	2112240.8	676926.5
END		
407	2112236.1	676941.8
	2112238.7	676942.0
	2112236.7	676939.5
	2112233.3	676942.0
	2112233.6	676945.2
	2112238.7	676942.0
END		
408	2112238.8	676929.6
	2112243.1	676930.3
	2112241.3	676927.3
	2112240.8	676926.5
	2112234.3	676929.9
	2112236.1	676934.3
	2112243.1	676930.3
END		
409	2112234.8	676939.0
	2112236.7	676939.5
	2112234.9	676934.6
	2112229.3	676936.0
	2112232.8	676937.1
	2112233.3	676942.0
	2112236.7	676939.5
END		
410	2112238.9	676934.8
	2112240.5	676936.6
	2112242.9	676934.5
	2112245.1	676932.6
	2112243.1	676930.3
	2112236.1	676934.3
	2112234.9	676934.6
	2112239.1	676937.7
	2112240.5	676936.6
END		
411	2112248.1	676908.4
	2112256.5	676906.2
	2112255.9	676904.0
	2112242.8	676909.2
	2112243.3	676909.9
	2112244.4	676911.3
	2112256.5	676906.2
END		
412	2112238.7	676918.5
	2112247.4	676916.4
	2112246.0	676913.7
	2112245.2	676912.2
	2112233.6	676918.1
	2112232.6	676920.6
	2112237.1	676922.7
	2112247.4	676916.4
END		
413	2112248.8	676910.7
	2112257.1	676908.0
	2112256.5	676906.2
	2112244.4	676911.3
	2112245.2	676912.2
	2112246.0	676913.7
	2112257.1	676908.0
END		
414	2112241.8	676921.6
	2112248.8	676918.9
	2112247.4	676916.4
	2112237.1	676922.7
	2112239.3	676925.0
	2112248.8	676918.9
END		
415	2112250.1	676913.1
	2112253.8	676912.6
	2112258.2	676909.9
	2112257.1	676908.0
	2112246.0	676913.7
	2112247.4	676916.4
	2112253.8	676912.6
END		
416	2112240.9	676948.1
	2112245.7	676941.8
	2112243.2	676940.8
	2112241.0	676945.5
	2112239.2	676948.0
	2112240.3	676949.9
	2112242.3	676948.7
	2112243.4	676945.1
	2112245.7	676941.8
END		
417	2112237.7	676945.6
	2112241.0	676945.5
	2112238.7	676942.0
	2112233.6	676945.2
	2112239.2	676948.0
	2112241.0	676945.5
END		
418	2112245.4	676939.9
	2112247.1	676939.6
	2112248.2	676938.4
	2112246.6	676937.3
	2112246.2	676937.0
	2112244.1	676939.5
	2112243.2	676940.8
	2112245.7	676941.8
	2112247.1	676939.6
END		
419	2112240.5	676941.1
	2112243.2	676940.8
	2112239.1	676937.7
	2112234.9	676934.6
	2112236.7	676939.5
	2112238.7	676942.0
	2112241.0	676945.5
	2112243.2	676940.8
END		
420	2112241.2	676938.3
	2112244.1	676939.5
	2112240.5	676936.6
	2112239.1	676937.7
	2112243.2	676940.8
	2112244.1	676939.5
END		
421	2112243.1	676936.5
	2112246.2	676937.0
	2112245.5	676936.5
	2112242.9	676934.5
	2112240.5	676936.6
	2112244.1	676939.5
	2112246.2	676937.0
END		
422	2112245.3	676934.2
	2112247.1	676934.8
	2112247.5	676934.4
	2112245.1	676932.6
	2112242.9	676934.5
	2112245.5	676936.5
	2112247.1	676934.8
END		
423	2112247.2	676929.2
	2112249.8	676929.2
	2112247.7	676926.9
	2112243.1	676930.3
	2112245.1	676932.6
	2112249.8	676929.2
END		
424	2112246.6	676936.3
	2112248.6	676935.0
	2112247.1	676934.8
	2112245.5	676936.5
	2112246.2	676937.0
	2112246.6	676937.3
	2112248.6	676935.0
END		
425	2112248.7	676934.0
	2112250.0	676933.3
	2112249.6	676932.3
	2112247.5	676934.4
	2112247.1	676934.8
	2112248.6	676935.0
	2112250.0	676933.3
END		
426	2112247.6	676932.3
	2112249.6	676932.3
	2112249.8	676929.2
	2112245.1	676932.6
	2112247.5	676934.4
	2112249.6	676932.3
END		
427	2112256.4	676925.5
	2112266.7	676918.8
	2112263.8	676918.5
	2112254.4	676925.7
	2112256.0	676927.3
	2112266.7	676918.8
END		
428	2112260.1	676904.6
	2112269.6	676902.3
	2112269.4	676901.6
	2112255.9	676904.0
	2112256.5	676906.2
	2112259.3	676906.7
	2112269.6	676902.3
END		
429	2112259.2	676908.4
	2112270.0	676903.5
	2112269.6	676902.3
	2112259.3	676906.7
	2112256.5	676906.2
	2112257.1	676908.0
	2112258.2	676909.9
	2112270.0	676903.5
END		
430	2112256.4	676912.6
	2112259.3	676913.3
	2112258.2	676909.9
	2112253.8	676912.6
	2112254.6	676916.7
	2112259.3	676913.3
END		
431	2112262.7	676909.4
	2112270.6	676906.8
	2112270.3	676905.4
	2112270.0	676903.5
	2112258.2	676909.9
	2112259.3	676913.3
	2112270.6	676906.8
END		
432	2112268.0	676910.5
	2112272.7	676910.1
	2112271.7	676908.5
	2112270.6	676906.8
	2112259.3	676913.3
	2112261.5	676916.2
	2112272.7	676910.1
END		
433	2112270.0	676913.5
	2112274.0	676913.2
	2112272.7	676910.1
	2112261.5	676916.2
	2112263.8	676918.5
	2112274.0	676913.2
END		
434	2112272.4	676915.4
	2112275.2	676915.8
	2112274.0	676913.2
	2112263.8	676918.5
	2112266.7	676918.8
	2112275.2	676915.8
END		
435	2112274.8	676905.8
	2112281.8	676904.9
	2112280.7	676902.5
	2112280.5	676901.9
	2112270.3	676905.4
	2112270.6	676906.8
	2112271.7	676908.5
	2112281.8	676904.9
END		
436	2112279.1	676907.0
	2112282.7	676906.8
	2112281.8	676904.9
	2112271.7	676908.5
	2112272.7	676910.1
	2112282.7	676906.8
END		
437	2112277.0	676910.7
	2112281.3	676910.6
	2112282.7	676906.8
	2112272.7	676910.1
	2112274.0	676913.2
	2112281.3	676910.6
END		
438	2112277.6	676913.7
	2112280.9	676913.9
	2112281.3	676910.6
	2112274.0	676913.2
	2112275.2	676915.8
	2112280.9	676913.9
END		
439	2112103.0	676979.1
	2112104.0	676979.2
	2112103.6	676975.4
	2112101.5	676980.6
	2112102.0	676981.6
	2112102.3	676981.4
	2112104.0	676979.2
END		
440	2112104.9	676975.2
	2112105.9	676976.6
	2112106.2	676973.9
	2112106.2	676972.6
	2112105.3	676972.6
	2112104.6	676972.6
	2112104.6	676973.0
	2112103.6	676975.4
	2112104.0	676979.2
	2112105.9	676976.6
END		
441	2112108.0	676968.9
	2112109.3	676967.5
	2112110.1	676965.7
	2112110.3	676965.4
	2112111.1	676963.6
	2112110.8	676963.4
	2112105.3	676972.6
	2112106.2	676972.6
	2112106.5	676971.9
	2112108.4	676969.1
	2112109.3	676967.5
END		
442	2112106.0	676970.7
	2112110.8	676963.4
	2112109.9	676963.0
	2112108.4	676966.0
	2112106.2	676969.4
	2112105.9	676969.8
	2112105.4	676970.8
	2112104.8	676972.0
	2112104.6	676972.6
	2112105.3	676972.6
	2112110.8	676963.4
END		
443	2112110.9	676962.5
	2112112.8	676960.0
	2112113.7	676958.8
	2112114.0	676958.6
	2112114.2	676958.4
	2112112.4	676958.8
	2112112.0	676958.9
	2112109.9	676963.0
	2112110.8	676963.4
	2112111.1	676963.6
	2112112.8	676960.0
END		
444	2112118.9	676958.7
	2112120.4	676959.1
	2112121.6	676959.0
	2112123.1	676958.8
	2112124.7	676957.7
	2112115.2	676958.5
	2112114.8	676958.4
	2112114.2	676958.4
	2112114.0	676958.6
	2112114.2	676958.6
	2112114.4	676958.7
	2112114.6	676958.8
	2112114.9	676958.9
	2112115.2	676959.0
	2112115.6	676959.1
	2112116.0	676959.2
	2112116.3	676959.3
	2112116.6	676959.4
	2112116.9	676959.5
	2112120.4	676959.1
END		
445	2112124.7	676958.0
	2112124.3	676958.3
	2112124.7	676958.1
	2112125.3	676957.9
	2112129.9	676956.0
	2112130.7	676955.7
	2112131.3	676955.4
	2112131.4	676955.4
	2112131.7	676955.2
	2112131.9	676955.1
	2112132.2	676955.0
	2112132.5	676954.9
	2112132.8	676954.7
	2112133.1	676954.5
	2112132.6	676954.7
	2112131.2	676955.3
	2112127.8	676956.7
	2112124.7	676957.7
	2112123.1	676958.8
	2112124.1	676958.4
	2112124.3	676958.3
END		
446	2112145.6	676950.3
	2112151.9	676948.2
	2112152.7	676947.8
	2112150.8	676948.1
	2112149.0	676948.6
	2112142.9	676951.0
	2112137.7	676952.4
	2112135.8	676953.3
	2112134.4	676954.0
	2112135.9	676953.5
	2112137.9	676952.9
	2112141.4	676952.0
	2112141.6	676951.9
	2112145.2	676950.8
	2112145.8	676950.5
	2112149.4	676949.1
	2112150.0	676948.8
	2112151.1	676948.5
	2112151.9	676948.2
END		
447	2112155.4	676949.0
	2112157.1	676948.7
	2112155.0	676948.3
	2112154.7	676948.3
	2112154.5	676948.1
	2112154.2	676948.0
	2112152.7	676947.8
	2112151.9	676948.2
	2112153.7	676948.9
	2112155.4	676949.4
	2112156.2	676949.8
	2112157.1	676948.7
END		
448	2112159.2	676950.3
	2112162.7	676948.9
	2112159.7	676949.2
	2112157.1	676948.7
	2112156.2	676949.8
	2112159.8	676951.4
	2112162.7	676948.9
END		
449	2112164.3	676953.4
	2112166.9	676952.7
	2112159.8	676951.4
	2112160.1	676951.7
	2112160.3	676951.9
	2112161.3	676952.8
	2112163.6	676954.3
	2112165.2	676954.8
	2112166.9	676952.7
END		
450	2112162.7	676950.4
	2112162.7	676948.9
	2112159.8	676951.4
	2112166.9	676952.7
	2112162.7	676948.9
END		
451	2112166.5	676950.0
	2112169.1	676949.9
	2112168.9	676949.2
	2112168.8	676948.7
	2112169.1	676948.2
	2112170.2	676945.2
	2112170.5	676944.4
	2112172.1	676940.3
	2112173.2	676939.6
	2112172.4	676939.2
	2112172.2	676939.3
	2112170.4	676940.6
	2112165.1	676948.6
	2112162.7	676948.9
	2112166.9	676952.7
	2112169.1	676949.9
END		
452	2112182.4	676938.5
	2112175.7	676939.2
	2112176.0	676939.2
	2112178.0	676939.0
	2112178.6	676939.0
	2112179.2	676939.0
	2112179.9	676939.1
	2112181.9	676939.3
	2112186.4	676938.8
	2112187.2	676938.6
	2112187.6	676937.8
	2112180.0	676938.4
	2112179.0	676938.5
	2112177.5	676938.5
	2112176.8	676938.6
	2112175.0	676938.8
	2112172.9	676939.1
	2112172.4	676939.2
	2112173.2	676939.6
	2112173.7	676939.5
	2112174.1	676939.4
	2112174.5	676939.3
	2112175.7	676939.2
END		
453	2112188.7	676938.1
	2112193.8	676938.0
	2112193.5	676937.7
	2112190.4	676937.4
	2112187.6	676937.8
	2112187.2	676938.6
	2112188.3	676938.4
	2112190.0	676938.1
	2112190.6	676938.1
	2112191.4	676938.0
	2112193.8	676938.0
END		
454	2112204.4	676934.2
	2112199.5	676937.4
	2112200.3	676937.3
	2112205.6	676934.0
	2112205.0	676933.2
	2112200.6	676936.1
	2112193.5	676937.7
	2112193.8	676938.0
	2112199.5	676937.4
END		
455	2112210.0	676929.5
	2112208.2	676931.9
	2112209.8	676930.3
	2112210.6	676929.4
	2112212.3	676927.4
	2112212.7	676927.0
	2112213.0	676926.8
	2112213.3	676926.5
	2112213.6	676926.2
	2112214.9	676924.8
	2112215.1	676924.6
	2112217.0	676922.9
	2112216.0	676922.8
	2112215.7	676923.1
	2112215.3	676923.4
	2112214.9	676923.8
	2112210.3	676928.7
	2112208.9	676930.1
	2112207.5	676931.7
	2112205.0	676933.2
	2112205.6	676934.0
	2112208.2	676931.9
END		
456	2112222.6	676919.4
	2112220.1	676921.1
	2112223.9	676919.1
	2112227.4	676916.6
	2112228.3	676915.9
	2112230.0	676914.6
	2112229.8	676914.3
	2112228.1	676915.5
	2112225.2	676917.6
	2112218.1	676921.7
	2112217.1	676922.2
	2112216.0	676922.8
	2112217.0	676922.9
	2112220.1	676921.1
END		
457	2112232.9	676912.6
	2112237.5	676909.9
	2112237.4	676909.6
	2112233.6	676911.9
	2112230.5	676913.8
	2112229.8	676914.3
	2112230.0	676914.6
	2112230.6	676914.1
	2112232.7	676913.0
	2112237.5	676909.9
END		
458	2112238.0	676909.5
	2112242.0	676908.1
	2112241.9	676908.0
	2112241.5	676908.1
	2112239.0	676908.9
	2112238.2	676909.2
	2112237.8	676909.4
	2112237.4	676909.6
	2112237.5	676909.9
	2112240.5	676908.7
	2112241.3	676908.4
	2112242.0	676908.1
END		
459	2112253.9	676903.3
	2112255.9	676903.0
	2112255.8	676902.6
	2112255.6	676902.1
	2112251.4	676903.8
	2112249.2	676904.7
	2112241.9	676908.0
	2112242.0	676908.1
	2112248.2	676906.0
	2112248.7	676905.8
	2112250.6	676904.9
	2112250.9	676904.8
	2112251.2	676904.6
	2112251.6	676904.4
	2112251.8	676904.3
	2112255.9	676903.0
END		
460	2112256.6	676901.9
	2112268.7	676899.8
	2112268.2	676899.3
	2112265.5	676899.6
	2112262.8	676899.9
	2112261.4	676900.2
	2112258.0	676901.0
	2112255.6	676902.1
	2112255.8	676902.6
	2112259.0	676901.1
	2112264.2	676900.1
	2112268.7	676899.8
END		
461	2112261.6	676901.1
	2112269.2	676900.4
	2112268.7	676899.8
	2112264.2	676900.1
	2112259.0	676901.1
	2112255.8	676902.6
	2112255.9	676903.0
	2112261.7	676901.7
	2112263.3	676901.2
	2112269.2	676900.4
END		
462	2112271.6	676899.5
	2112281.6	676896.6
	2112282.2	676896.4
	2112287.2	676895.7
	2112286.9	676895.5
	2112282.0	676896.1
	2112276.2	676898.1
	2112268.7	676899.8
	2112269.2	676900.4
	2112272.4	676899.7
	2112276.5	676898.3
	2112281.6	676896.6
END		
463	2112120.9	677002.6
	2112125.5	677000.7
	2112125.3	677000.1
	2112124.2	677000.6
	2112123.5	677000.9
	2112121.7	677001.7
	2112121.2	677001.9
	2112118.9	677003.2
	2112117.2	677004.2
	2112115.7	677004.8
	2112113.7	677005.7
	2112114.1	677006.5
	2112119.4	677003.9
	2112125.5	677000.7
END		
464	2112127.1	676999.7
	2112137.2	676996.1
	2112137.0	676995.5
	2112135.5	676996.1
	2112133.7	676996.8
	2112132.9	676997.1
	2112131.8	676997.5
	2112131.5	676997.6
	2112127.8	676999.0
	2112127.6	676999.1
	2112125.3	677000.1
	2112125.5	677000.7
	2112128.5	676999.5
	2112129.1	676999.3
	2112134.0	676997.3
	2112137.2	676996.1
END		
465	2112145.5	676992.6
	2112148.3	676992.0
	2112146.5	676991.7
	2112141.3	676993.8
	2112140.8	676994.0
	2112137.0	676995.5
	2112137.2	676996.1
	2112140.6	676994.7
	2112147.8	676992.2
	2112148.3	676992.0
END		
466	2112152.0	676988.5
	2112164.3	676983.5
	2112163.9	676983.1
	2112163.1	676983.3
	2112157.4	676985.5
	2112156.9	676985.6
	2112156.4	676985.8
	2112155.9	676985.9
	2112155.5	676986.1
	2112154.5	676986.4
	2112154.1	676986.6
	2112151.1	676988.1
	2112148.6	676990.9
	2112146.5	676991.7
	2112148.3	676992.0
	2112148.6	676991.7
	2112154.8	676987.3
	2112160.6	676984.7
	2112161.0	676984.6
	2112161.5	676984.4
	2112164.3	676983.5
END		
467	2112175.4	676978.3
	2112195.9	676969.5
	2112195.4	676969.8
	2112193.7	676970.5
	2112193.1	676970.7
	2112192.5	676970.8
	2112191.8	676971.0
	2112189.4	676971.7
	2112188.8	676971.9
	2112188.3	676972.2
	2112183.0	676975.0
	2112182.1	676975.4
	2112178.4	676976.3
	2112177.0	676977.0
	2112173.8	676978.6
	2112171.2	676980.1
	2112170.8	676980.3
	2112171.1	676980.5
	2112180.9	676976.4
	2112185.2	676974.1
	2112190.7	676971.9
	2112195.1	676970.4
	2112195.9	676969.5
END		
468	2112191.8	676972.3
	2112196.5	676970.4
	2112195.9	676969.5
	2112195.1	676970.4
	2112190.7	676971.9
	2112185.2	676974.1
	2112180.9	676976.4
	2112171.1	676980.5
	2112170.8	676980.3
	2112169.1	676981.3
	2112166.8	676982.3
	2112165.8	676982.6
	2112163.9	676983.1
	2112164.3	676983.5
	2112166.9	676982.7
	2112167.6	676982.5
	2112168.8	676982.0
	2112172.9	676980.3
	2112180.1	676977.4
	2112181.2	676976.9
	2112184.3	676975.5
	2112190.6	676973.3
	2112194.1	676972.2
	2112196.5	676970.4
END		
469	2112209.3	676964.2
	2112213.1	676963.5
	2112212.9	676963.0
	2112212.7	676962.6
	2112207.2	676964.2
	2112205.3	676965.0
	2112202.6	676966.1
	2112197.0	676968.8
	2112195.9	676969.5
	2112196.5	676970.4
	2112197.9	676969.4
	2112204.4	676966.5
	2112209.2	676964.9
	2112212.0	676963.9
	2112213.1	676963.5
END		
470	2112229.4	676956.4
	2112232.9	676954.8
	2112232.6	676954.9
	2112226.7	676957.3
	2112226.4	676957.4
	2112221.7	676959.6
	2112212.7	676962.6
	2112212.9	676963.0
	2112223.9	676959.0
	2112233.1	676955.1
	2112232.9	676954.8
END		
471	2112236.4	676953.9
	2112241.9	676952.1
	2112241.2	676951.5
	2112238.7	676952.5
	2112232.9	676954.8
	2112233.1	676955.1
	2112223.9	676959.0
	2112212.9	676963.0
	2112213.1	676963.5
	2112213.4	676963.4
	2112215.1	676962.8
	2112222.6	676959.9
	2112225.3	676958.8
	2112229.2	676957.3
	2112230.4	676956.8
	2112237.0	676954.1
	2112241.9	676952.1
END		
472	2112254.2	676941.6
	2112257.0	676941.0
	2112255.6	676939.7
	2112254.9	676939.0
	2112251.4	676942.6
	2112244.2	676949.6
	2112241.2	676951.5
	2112241.9	676952.1
	2112244.0	676951.2
	2112245.7	676950.0
	2112250.4	676946.4
	2112252.7	676943.7
	2112257.0	676941.0
END		
473	2112252.1	676939.2
	2112254.9	676939.0
	2112254.0	676938.1
	2112251.9	676936.1
	2112248.5	676940.4
	2112248.4	676940.6
	2112246.5	676943.6
	2112243.8	676948.0
	2112241.2	676951.5
	2112244.2	676949.6
	2112251.4	676942.6
	2112254.9	676939.0
END		
474	2112259.6	676929.8
	2112277.8	676920.2
	2112276.0	676917.3
	2112273.7	676918.4
	2112272.7	676918.8
	2112268.4	676920.6
	2112264.6	676922.6
	2112262.7	676924.2
	2112261.7	676925.2
	2112257.2	676928.5
	2112257.0	676928.6
	2112254.0	676931.3
	2112251.9	676936.1
	2112254.0	676938.1
	2112269.3	676924.6
	2112277.8	676920.2
END		
475	2112267.8	676928.0
	2112278.5	676921.4
	2112277.8	676920.2
	2112269.3	676924.6
	2112254.0	676938.1
	2112254.9	676939.0
	2112255.6	676939.7
	2112269.5	676929.7
	2112271.8	676924.3
	2112278.5	676921.4
END		
476	2112283.4	676920.8
	2112289.5	676916.6
	2112278.7	676921.8
	2112279.7	676923.5
	2112280.7	676923.1
	2112281.7	676922.8
	2112282.7	676922.4
	2112284.1	676921.7
	2112288.7	676919.3
	2112289.7	676917.6
	2112289.5	676916.6
END		
477	2112287.9	676915.6
	2112289.5	676916.6
	2112289.3	676914.7
	2112288.9	676911.4
	2112286.7	676915.0
	2112286.0	676916.2
	2112284.0	676916.8
	2112281.8	676917.4
	2112280.5	676917.4
	2112276.0	676917.3
	2112277.8	676920.2
	2112278.5	676921.4
	2112278.7	676921.8
	2112289.5	676916.6
END		
END		
