		629	959.855	1575.072
	968.2374878	1585.942505	
	956.1210938	1561.138489	
	956.725708	1573.856689	
	957.1564941	1582.915894	
	968.2374878	1585.942505	
END
		630	965.969	1568.871
	958.2744751	1561.180725	
	956.1210938	1561.138489	
	968.2374878	1585.942505	
	972.803894	1570.452087	
	968.4224854	1561.379272	
	962.5703125	1561.264893	
	960.2994995	1561.220276	
	958.2744751	1561.180725	
END
		628	953.555	1577.96
	956.725708	1573.856689	
	949.4057007	1571.609131	
	950.5805054	1581.11969	
	957.1564941	1582.915894	
	956.725708	1573.856689	
END
		627	947.049	1576.127
	949.4057007	1571.609131	
	943.2785034	1569.727722	
	944.5844727	1579.481873	
	950.5805054	1581.11969	
	949.4057007	1571.609131	
END
		626	929.309	1571.432
	943.2785034	1569.727722	
	909.1837158	1561.113708	
	910.651123	1570.213501	
	944.5844727	1579.481873	
	943.2785034	1569.727722	
END
		624	950.496	1567.221
	956.725708	1573.856689	
	946.9265137	1558.716675	
	948.0292969	1564.451477	
	949.4057007	1571.609131	
	956.725708	1573.856689	
END
		625	953.106	1563.436
	956.1210938	1561.138489	
	946.9265137	1558.716675	
	956.725708	1573.856689	
	956.1210938	1561.138489	
END
		623	945.582	1567.722
	948.0292969	1564.451477	
	940.5856934	1562.740479	
	943.2785034	1569.727722	
	949.4057007	1571.609131	
	948.0292969	1564.451477	
END
		622	972.193	1563.959
	972.803894	1570.452087	
	975.5848999	1561.018127	
	969.6251221	1561.318726	
	968.4224854	1561.379272	
	972.803894	1570.452087	
END
		621	893.584	1561.284
	909.1837158	1561.113708	
	864.555481	1549.838318	
	862.3640747	1557.024475	
	910.651123	1570.213501	
	909.1837158	1561.113708	
END
		620	909.476	1557.86
	940.5856934	1562.740479	
	866.7481079	1542.648499	
	864.555481	1549.838318	
	909.1837158	1561.113708	
	943.2785034	1569.727722	
	940.5856934	1562.740479	
END
		619	943.618	1560.924
	946.9265137	1558.716675	
	938.1433105	1556.40332	
	940.5856934	1562.740479	
	948.0292969	1564.451477	
	946.9265137	1558.716675	
END
		618	910.844	1551.886
	938.1433105	1556.40332	
	868.1738892	1537.973511	
	866.7481079	1542.648499	
	940.5856934	1562.740479	
	938.1433105	1556.40332	
END
		616	963.4	1554.565
	961.6276855	1545.944702	
	959.8203125	1545.830688	
	962.5703125	1561.264893	
	968.4224854	1561.379272	
	966.43927	1556.874329	
	961.6276855	1545.944702	
END
		617	968.189	1558.422
	969.6251221	1561.318726	
	968.7750854	1554.632507	
	966.4268799	1556.616272	
	966.43927	1556.874329	
	968.4224854	1561.379272	
	969.6251221	1561.318726	
END
		615	971.938	1558.337
	975.5848999	1561.018127	
	973.2700806	1554.516113	
	968.7750854	1554.632507	
	969.6251221	1561.318726	
	975.5848999	1561.018127	
END
		614	960.361	1554.455
	959.8203125	1545.830688	
	958.1616821	1545.726318	
	960.2994995	1561.220276	
	962.5703125	1561.264893	
	959.8203125	1545.830688	
END
		613	958.373	1554.377
	958.1616821	1545.726318	
	956.2503052	1545.605896	
	958.2744751	1561.180725	
	960.2994995	1561.220276	
	958.1616821	1545.726318	
END
		611	953.101	1553.88
	947.9957275	1544.725281	
	946.0922852	1544.522278	
	956.1210938	1561.138489	
	958.2744751	1561.180725	
	949.7808838	1544.91571	
	947.9957275	1544.725281	
END
		612	954.624	1549.986
	956.2503052	1545.605896	
	949.7808838	1544.91571	
	958.2744751	1561.180725	
	956.2503052	1545.605896	
END
		609	947.711	1556.101
	956.1210938	1561.138489	
	941.9766846	1549.645691	
	946.9265137	1558.716675	
	956.1210938	1561.138489	
END
		610	945.632	1549.702
	956.1210938	1561.138489	
	946.0922852	1544.522278	
	937.7241211	1546.190308	
	941.9766846	1549.645691	
	956.1210938	1561.138489	
END
		608	941.922	1554.741
	946.9265137	1558.716675	
	941.9766846	1549.645691	
	938.1433105	1556.40332	
	946.9265137	1558.716675	
END
		607	964.603	1549.352
	963.2938843	1546.049683	
	961.6276855	1545.944702	
	966.43927	1556.874329	
	966.4268799	1556.616272	
	965.9266968	1546.215515	
	963.2938843	1546.049683	
END
		693	967.328	1552.058
	967.7192993	1546.328308	
	965.9266968	1546.215515	
	966.4268799	1556.616272	
	968.7750854	1554.632507	
	967.7192993	1546.328308	
END
		692	936.381	1547.872
	937.7241211	1546.190308	
	926.335083	1536.936523	
	938.1433105	1556.40332	
	941.9766846	1549.645691	
	937.7241211	1546.190308	
END
		606	970.173	1550.993
	969.0357056	1546.411316	
	967.7192993	1546.328308	
	968.7750854	1554.632507	
	973.2700806	1554.516113	
	970.4562988	1546.500671	
	969.0357056	1546.411316	
END
		605	973.227	1548.999
	971.5422974	1546.569092	
	970.4562988	1546.500671	
	973.2700806	1554.516113	
	975.4923096	1547.893494	
	971.5422974	1546.569092	
END
		604	974.504	1543.723
	977.8237305	1539.826294	
	973.7545166	1538.378113	
	971.5422974	1546.569092	
	975.4923096	1547.893494	
	977.8237305	1539.826294	
END
		603	971.068	1542.4
	973.7545166	1538.378113	
	970.0421143	1537.056885	
	969.0357056	1546.411316	
	970.4562988	1546.500671	
	971.5422974	1546.569092	
	973.7545166	1538.378113	
END
		600	967.699	1532.1
	969.2363281	1526.420715	
	964.8264771	1525.618286	
	967.7192993	1546.328308	
	969.0357056	1546.411316	
	970.0421143	1537.056885	
	969.2363281	1526.420715	
END
		598	963.672	1537.857
	967.7192993	1546.328308	
	961.3023071	1526.998901	
	963.2938843	1546.049683	
	965.9266968	1546.215515	
	967.7192993	1546.328308	
END
		599	964.358	1532.074
	967.7192993	1546.328308	
	964.8264771	1525.618286	
	961.3023071	1526.998901	
	967.7192993	1546.328308	
END
		596	931.382	1538.793
	937.7241211	1546.190308	
	932.522522	1535.442078	
	932.5084839	1535.445496	
	926.335083	1536.936523	
	937.7241211	1546.190308	
END
		597	939.898	1540.405
	943.2886963	1534.719116	
	942.6746826	1532.990112	
	942.671875	1532.990723	
	932.522522	1535.442078	
	937.7241211	1546.190308	
	946.0922852	1544.522278	
	944.6270752	1539.399109	
	943.9807129	1537.138916	
	943.2886963	1534.719116	
END
		595	960.913	1537.7
	963.2938843	1546.049683	
	961.3023071	1526.998901	
	959.2965088	1537.297729	
	961.6276855	1545.944702	
	963.2938843	1546.049683	
END
		594	959.187	1542.101
	959.2965088	1537.297729	
	957.265686	1537.174683	
	958.1616821	1545.726318	
	959.8203125	1545.830688	
	961.6276855	1545.944702	
	959.2965088	1537.297729	
END
		593	956.891	1541.937
	957.265686	1537.174683	
	955.7111206	1537.080322	
	956.2503052	1545.605896	
	958.1616821	1545.726318	
	957.265686	1537.174683	
END
		592	952.647	1541.678
	950.1962891	1536.745728	
	948.5330811	1536.644897	
	948.9276733	1539.341919	
	949.7808838	1544.91571	
	956.2503052	1545.605896	
	955.7111206	1537.080322	
	953.3231201	1536.935486	
	950.1962891	1536.745728	
END
		590	948.481	1542.473
	949.7808838	1544.91571	
	948.9276733	1539.341919	
	946.9454956	1539.368286	
	947.9957275	1544.725281	
	949.7808838	1544.91571	
END
		691	946.507	1542.377
	947.9957275	1544.725281	
	946.9454956	1539.368286	
	944.6270752	1539.399109	
	946.0922852	1544.522278	
	947.9957275	1544.725281	
END
		589	978.647	1534.391
	983.6334839	1533.926331	
	974.7509155	1527.424316	
	973.7545166	1538.378113	
	977.8237305	1539.826294	
	983.6334839	1533.926331	
END
		585	946.521	1538.192
	948.9276733	1539.341919	
	948.5330811	1536.644897	
	943.9807129	1537.138916	
	944.6270752	1539.399109	
	946.9454956	1539.368286	
	948.9276733	1539.341919	
END
		583	971.988	1533.137
	974.7509155	1527.424316	
	969.2363281	1526.420715	
	970.0421143	1537.056885	
	973.7545166	1538.378113	
	974.7509155	1527.424316	
END
		581	956.541	1533.815
	959.2965088	1537.297729	
	955.2996826	1529.350891	
	955.7111206	1537.080322	
	957.265686	1537.174683	
	959.2965088	1537.297729	
END
		582	958.204	1530.209
	959.2965088	1537.297729	
	961.3023071	1526.998901	
	955.2996826	1529.350891	
	959.2965088	1537.297729	
END
		690	946.015	1536.078
	947.9243164	1534.742676	
	943.2886963	1534.719116	
	943.9807129	1537.138916	
	948.5330811	1536.644897	
	947.9243164	1534.742676	
END
		579	954.849	1533.693
	955.7111206	1537.080322	
	955.2996826	1529.350891	
	953.3231201	1536.935486	
	955.7111206	1537.080322	
END
		577	921.48	1528.318
	924.4708862	1526.581482	
	919.3206787	1524.414124	
	915.5070801	1525.497925	
	926.335083	1536.936523	
	924.4708862	1526.581482	
END
		580	927.637	1532.398
	932.4801025	1535.395508	
	924.4708862	1526.581482	
	926.335083	1536.936523	
	932.5084839	1535.445496	
	932.4801025	1535.395508	
END
		575	949.718	1529.229
	950.9974976	1527.15271	
	949.1428833	1519.351501	
	946.4769287	1519.986328	
	945.2645264	1520.275085	
	947.4813232	1527.678284	
	950.1962891	1536.745728	
	953.3231201	1536.935486	
	950.9974976	1527.15271	
END
		576	953.396	1530.595
	955.2996826	1529.350891	
	953.2872925	1522.468506	
	950.9974976	1527.15271	
	953.3231201	1536.935486	
	955.2996826	1529.350891	
END
		689	948.15	1532.772
	950.1962891	1536.745728	
	947.4813232	1527.678284	
	945.7363281	1527.905884	
	947.9243164	1534.742676	
	948.5330811	1536.644897	
	950.1962891	1536.745728	
END
		573	927.288	1526.776
	932.522522	1535.442078	
	926.6030884	1515.669495	
	924.4708862	1526.581482	
	932.4801025	1535.395508	
	932.522522	1535.442078	
END
		574	934.298	1524.248
	942.6746826	1532.990112	
	934.0933228	1509.900085	
	926.6030884	1515.669495	
	932.522522	1535.442078	
	942.671875	1532.990723	
	942.6746826	1532.990112	
END
		570	944.529	1531.538
	943.4036865	1527.686096	
	940.7014771	1527.431274	
	942.6746826	1532.990112	
	943.2886963	1534.719116	
	947.9243164	1534.742676	
	945.7363281	1527.905884	
	943.4036865	1527.686096	
END
		571	979.519	1525.641
	986.5831299	1528.86908	
	975.9769287	1515.022278	
	974.7509155	1527.424316	
	983.6334839	1533.926331	
	986.5831299	1528.86908	
END
		631	937.758	1516.105
	941.1500854	1521.042725	
	935.9658813	1508.457886	
	934.0933228	1509.900085	
	942.6746826	1532.990112	
	940.7014771	1527.431274	
	938.5214844	1521.648071	
	941.1549072	1521.057129	
	941.1500854	1521.042725	
END
		568	955.278	1521.831
	954.3248901	1517.623901	
	950.2824707	1512.192688	
	953.2872925	1522.468506	
	955.2996826	1529.350891	
	961.3023071	1526.998901	
	954.3248901	1517.623901	
END
		566	943.385	1524.781
	945.7363281	1527.905884	
	942.5764771	1520.776489	
	941.1500854	1521.042725	
	941.1549072	1521.057129	
	943.4036865	1527.686096	
	945.7363281	1527.905884	
END
		567	945.401	1524.561
	947.4813232	1527.678284	
	945.2645264	1520.275085	
	942.5764771	1520.776489	
	945.7363281	1527.905884	
	947.4813232	1527.678284	
END
		688	941.06	1524.781
	943.4036865	1527.686096	
	941.1549072	1521.057129	
	938.5214844	1521.648071	
	940.7014771	1527.431274	
	943.4036865	1527.686096	
END
		563	969.474	1521.56
	974.7509155	1527.424316	
	967.9976807	1514.044922	
	964.3652954	1515.036499	
	969.2363281	1526.420715	
	974.7509155	1527.424316	
END
		565	972.783	1517.728
	975.9769287	1515.022278	
	970.5913086	1513.336487	
	967.9976807	1514.044922	
	974.7509155	1527.424316	
	975.9769287	1515.022278	
END
		562	951.089	1520.596
	953.2872925	1522.468506	
	950.2824707	1512.192688	
	947.6116943	1512.910706	
	949.1428833	1519.351501	
	950.9974976	1527.15271	
	953.2872925	1522.468506	
END
		687	960.673	1522.068
	964.8264771	1525.618286	
	961.7346802	1515.748474	
	954.3248901	1517.623901	
	961.3023071	1526.998901	
	964.8264771	1525.618286	
END
		561	923.452	1521.799
	924.4708862	1526.581482	
	926.6030884	1515.669495	
	919.3206787	1524.414124	
	924.4708862	1526.581482	
END
		559	965.308	1521.431
	969.2363281	1526.420715	
	964.3652954	1515.036499	
	961.7346802	1515.748474	
	964.8264771	1525.618286	
	969.2363281	1526.420715	
END
		558	915.321	1519.957
	919.3206787	1524.414124	
	914.5820923	1512.855103	
	910.8928833	1514.661072	
	915.5070801	1525.497925	
	919.3206787	1524.414124	
END
		686	920.164	1513.022
	926.6030884	1515.669495	
	920.5703125	1498.421082	
	914.5820923	1512.855103	
	919.3206787	1524.414124	
	926.6030884	1515.669495	
END
		556	940.089	1515.037
	941.5496826	1514.22467	
	937.4177246	1507.339294	
	935.9658813	1508.457886	
	941.1500854	1521.042725	
	941.5496826	1514.22467	
END
		555	942.823	1518.055
	942.6973267	1514.231689	
	941.5496826	1514.22467	
	941.1500854	1521.042725	
	942.5764771	1520.776489	
	945.2645264	1520.275085	
	942.6973267	1514.231689	
END
		554	946.244	1517.047
	949.1428833	1519.351501	
	947.6116943	1512.910706	
	946.0236816	1513.337524	
	944.5991211	1513.72052	
	942.6973267	1514.231689	
	945.2645264	1520.275085	
	946.4769287	1519.986328	
	949.1428833	1519.351501	
END
		553	956.331	1515.244
	961.7346802	1515.748474	
	950.2824707	1512.192688	
	954.3248901	1517.623901	
	961.7346802	1515.748474	
END
		548	954.819	1510.96
	959.7404785	1510.400085	
	948.6439209	1508.791077	
	950.2824707	1512.192688	
	961.7346802	1515.748474	
	959.765686	1510.468323	
	959.7404785	1510.400085	
END
		550	959.967	1507.873
	961.7346802	1515.748474	
	960.8549194	1504.306091	
	957.8961182	1505.433289	
	959.7404785	1510.400085	
	959.765686	1510.468323	
	961.7346802	1515.748474	
END
		551	963.459	1510.734
	967.9976807	1514.044922	
	960.8549194	1504.306091	
	961.7346802	1515.748474	
	964.3652954	1515.036499	
	967.9976807	1514.044922	
END
		547	926.114	1506.467
	929.387085	1504.236877	
	921.4395142	1494.673279	
	920.5703125	1498.421082	
	926.6030884	1515.669495	
	929.387085	1504.236877	
END
		684	930.466	1510.659
	934.0933228	1509.900085	
	929.387085	1504.236877	
	926.6030884	1515.669495	
	934.0933228	1509.900085	
END
		546	908.986	1506.435
	914.5820923	1512.855103	
	905.9539185	1495.892517	
	902.3875122	1498.150085	
	910.8928833	1514.661072	
	914.5820923	1512.855103	
END
		543	932.233	1494.928
	936.7229004	1500.166687	
	930.7836914	1486.184692	
	926.3399048	1488.880493	
	927.3267212	1490.524902	
	934.2584839	1502.0755	
	937.4177246	1507.339294	
	941.5496826	1514.22467	
	942.6973267	1514.231689	
	936.7229004	1500.166687	
END
		544	941.621	1507.528
	946.0236816	1513.337524	
	939.4984741	1498.935303	
	939.4244995	1498.968079	
	936.7229004	1500.166687	
	942.6973267	1514.231689	
	944.5991211	1513.72052	
	946.0236816	1513.337524	
END
		541	964.14	1507.093
	967.9976807	1514.044922	
	964.196106	1503.944885	
	960.8549194	1504.306091	
	967.9976807	1514.044922	
END
		694	965.254	1502.745
	970.5913086	1513.336487	
	961.5178833	1488.261719	
	958.3536987	1488.396484	
	964.196106	1503.944885	
	967.9976807	1514.044922	
	970.5913086	1513.336487	
END
		539	945.149	1506.321
	948.6439209	1508.791077	
	943.1210938	1497.327698	
	939.4984741	1498.935303	
	946.0236816	1513.337524	
	947.6116943	1512.910706	
	950.2824707	1512.192688	
	948.6439209	1508.791077	
END
		683	914.065	1501.828
	920.5703125	1498.421082	
	913.383728	1487.695923	
	905.9539185	1495.892517	
	914.5820923	1512.855103	
	920.5703125	1498.421082	
END
		682	954.333	1505.249
	957.8961182	1505.433289	
	954.9636841	1498.646912	
	948.6439209	1508.791077	
	959.7404785	1510.400085	
	957.8961182	1505.433289	
END
		537	929.633	1502.337
	935.9658813	1508.457886	
	924.3198853	1492.643677	
	921.4395142	1494.673279	
	929.387085	1504.236877	
	934.0933228	1509.900085	
	935.9658813	1508.457886	
END
		681	945.182	1495.842
	948.6439209	1508.791077	
	947.6478882	1489.977478	
	944.3585205	1492.151672	
	941.5285034	1494.022095	
	943.1210938	1497.327698	
	948.6439209	1508.791077	
END
		535	950.994	1500.546
	954.9636841	1498.646912	
	947.6478882	1489.977478	
	948.6439209	1508.791077	
	954.9636841	1498.646912	
END
		534	931.775	1500.598
	934.2584839	1502.0755	
	927.3267212	1490.524902	
	924.3198853	1492.643677	
	935.9658813	1508.457886	
	937.4177246	1507.339294	
	934.2584839	1502.0755	
END
		680	956.782	1498.026
	960.8549194	1504.306091	
	955.1608887	1488.532715	
	954.9636841	1498.646912	
	957.8961182	1505.433289	
	960.8549194	1504.306091	
END
		532	960.025	1497.333
	964.196106	1503.944885	
	958.3536987	1488.396484	
	955.1608887	1488.532715	
	960.8549194	1504.306091	
	964.196106	1503.944885	
END
		530	935.104	1492.681
	939.4708862	1498.874329	
	932.317688	1483.086121	
	930.7836914	1486.184692	
	936.7229004	1500.166687	
	939.4244995	1498.968079	
	939.4984741	1498.935303	
	939.4708862	1498.874329	
END
		529	937.623	1490.22
	941.5285034	1494.022095	
	934.3156738	1479.050476	
	932.317688	1483.086121	
	939.4708862	1498.874329	
	939.4984741	1498.935303	
	943.1210938	1497.327698	
	941.5285034	1494.022095	
END
		679	952.094	1491.685
	954.9636841	1498.646912	
	955.1608887	1488.532715	
	949.9907227	1489.5271	
	947.6478882	1489.977478	
	954.9636841	1498.646912	
END
		528	916.725	1490.311
	921.4395142	1494.673279	
	910.8701172	1479.915527	
	909.7086792	1482.211304	
	913.383728	1487.695923	
	920.5703125	1498.421082	
	921.4395142	1494.673279	
END
		527	896.507	1485.636
	905.9539185	1495.892517	
	898.0421143	1484.159302	
	897.8109131	1484.197876	
	897.9061279	1483.957703	
	888.2216797	1469.595703	
	885.8189087	1472.819275	
	902.3875122	1498.150085	
	905.9539185	1495.892517	
END
		526	906.085	1486.476
	913.383728	1487.695923	
	909.7086792	1482.211304	
	898.0421143	1484.159302	
	905.9539185	1495.892517	
	913.383728	1487.695923	
END
		678	915.324	1480.689
	919.7072754	1481.240295	
	913.6834717	1474.354675	
	912.0863037	1477.511475	
	910.8701172	1479.915527	
	921.4395142	1494.673279	
	919.7072754	1481.240295	
END
		523	923.469	1488.786
	921.8999023	1483.746277	
	919.7072754	1481.240295	
	921.4395142	1494.673279	
	924.3198853	1492.643677	
	927.3267212	1490.524902	
	926.3399048	1488.880493	
	921.8999023	1483.746277	
END
		520	939.981	1487.244
	944.3585205	1492.151672	
	936.9915161	1478.557129	
	934.3156738	1479.050476	
	941.5285034	1494.022095	
	944.3585205	1492.151672	
END
		518	943.056	1485.94
	947.6478882	1489.977478	
	940.131897	1477.978088	
	936.9915161	1478.557129	
	944.3585205	1492.151672	
	947.6478882	1489.977478	
END
		517	945.59	1484.509
	949.9907227	1489.5271	
	942.7211304	1477.500916	
	940.131897	1477.978088	
	947.6478882	1489.977478	
	949.9907227	1489.5271	
END
		516	949.287	1484.065
	955.1608887	1488.532715	
	946.7509155	1477.063721	
	944.6019287	1477.154114	
	942.7211304	1477.500916	
	949.9907227	1489.5271	
	955.1608887	1488.532715	
END
		514	923.38	1483.899
	926.3399048	1488.880493	
	922.6619263	1477.51532	
	921.8999023	1483.746277	
	926.3399048	1488.880493	
END
		515	927.344	1483.622
	930.7836914	1486.184692	
	928.1207275	1476.883301	
	922.6619263	1477.51532	
	926.3399048	1488.880493	
	930.7836914	1486.184692	
END
		513	954.678	1483.506
	954.1959229	1478.68927	
	946.7509155	1477.063721	
	955.1608887	1488.532715	
	958.3536987	1488.396484	
	961.5178833	1488.261719	
	954.1959229	1478.68927	
END
		512	931.376	1478.752
	934.3156738	1479.050476	
	931.6099243	1475.385681	
	928.1207275	1476.883301	
	930.7836914	1486.184692	
	932.317688	1483.086121	
	934.3156738	1479.050476	
END
		510	903.535	1479.308
	906.815918	1478.418274	
	902.2106934	1473.090271	
	897.9061279	1483.957703	
	898.0421143	1484.159302	
	909.7086792	1482.211304	
	906.815918	1478.418274	
END
		509	896.588	1474.485
	902.2106934	1473.090271	
	893.6265259	1462.343872	
	888.2216797	1469.595703	
	897.9061279	1483.957703	
	902.2106934	1473.090271	
END
		677	918.493	1475.646
	922.6619263	1477.51532	
	921.2161255	1471.976685	
	913.6834717	1474.354675	
	919.7072754	1481.240295	
	921.8999023	1483.746277	
	922.6619263	1477.51532	
END
		507	909.125	1479.517
	910.8701172	1479.915527	
	908.2178955	1476.063477	
	906.815918	1478.418274	
	909.7086792	1482.211304	
	910.8701172	1479.915527	
END
		505	908.602	1474.589
	912.0863037	1477.511475	
	905.128479	1467.762329	
	903.9649048	1469.887085	
	908.2178955	1476.063477	
	910.8701172	1479.915527	
	912.0863037	1477.511475	
END
		502	930.872	1469.595
	925.8284912	1461.756531	
	920.5740967	1457.476685	
	921.1137085	1461.169922	
	931.6099243	1475.385681	
	934.3156738	1479.050476	
	934.4182739	1468.753906	
	925.8284912	1461.756531	
END
		503	937.895	1474.538
	944.6019287	1477.154114	
	934.4182739	1468.753906	
	934.3156738	1479.050476	
	936.9915161	1478.557129	
	940.131897	1477.978088	
	942.7211304	1477.500916	
	944.6019287	1477.154114	
END
		501	944.942	1469.824
	954.1959229	1478.68927	
	939.4547119	1458.460693	
	936.09729	1460.303101	
	946.7509155	1477.063721	
	954.1959229	1478.68927	
END
		676	905.424	1474.679
	908.2178955	1476.063477	
	903.9649048	1469.887085	
	902.2106934	1473.090271	
	906.815918	1478.418274	
	908.2178955	1476.063477	
END
		675	922.617	1471.024
	928.1207275	1476.883301	
	918.7958984	1462.705078	
	921.1766968	1471.825684	
	921.2161255	1471.976685	
	922.6619263	1477.51532	
	928.1207275	1476.883301	
END
		499	910.262	1472.388
	913.6834717	1474.354675	
	906.7877197	1465.821289	
	905.128479	1467.762329	
	912.0863037	1477.511475	
	913.6834717	1474.354675	
END
		496	937.922	1468.684
	936.09729	1460.303101	
	934.524292	1457.828674	
	934.4802856	1462.344116	
	934.4182739	1468.753906	
	944.6019287	1477.154114	
	946.7509155	1477.063721	
	936.09729	1460.303101	
END
		495	925.611	1469.997
	931.6099243	1475.385681	
	921.1137085	1461.169922	
	918.7958984	1462.705078	
	928.1207275	1476.883301	
	931.6099243	1475.385681	
END
		493	908.981	1465.252
	906.3428955	1460.535706	
	898.5800781	1453.58429	
	897.8878784	1454.808289	
	906.7877197	1465.821289	
	913.6834717	1474.354675	
	913.0040894	1466.533508	
	913.0010986	1466.497925	
	906.3428955	1460.535706	
END
		494	916.587	1470.927
	921.1766968	1471.825684	
	913.0040894	1466.533508	
	913.6834717	1474.354675	
	921.2161255	1471.976685	
	921.1766968	1471.825684	
END
		492	900.23	1466.14
	905.128479	1467.762329	
	896.5172729	1457.231873	
	893.6265259	1462.343872	
	902.2106934	1473.090271	
	903.9649048	1469.887085	
	905.128479	1467.762329	
END
		491	884.326	1464.855
	884.0557251	1456.778076	
	877.0380859	1454.647278	
	885.8189087	1472.819275	
	888.2216797	1469.595703	
	884.0557251	1456.778076	
END
		674	917.568	1467.828
	921.1766968	1471.825684	
	918.7958984	1462.705078	
	916.5510864	1464.174316	
	914.7650757	1465.343506	
	913.0010986	1466.497925	
	913.0040894	1466.533508	
	921.1766968	1471.825684	
END
		489	889.402	1463.978
	893.6265259	1462.343872	
	884.0557251	1456.778076	
	888.2216797	1469.595703	
	893.6265259	1462.343872	
END
		487	931.093	1463.293
	934.4802856	1462.344116	
	922.2435303	1456.293274	
	925.8284912	1461.756531	
	934.4182739	1468.753906	
	934.4802856	1462.344116	
END
		486	902.127	1462.085
	906.7877197	1465.821289	
	897.8878784	1454.808289	
	897.5487061	1455.408081	
	896.5172729	1457.231873	
	905.128479	1467.762329	
	906.7877197	1465.821289	
END
		485	910.437	1462.461
	914.7650757	1465.343506	
	908.0996704	1457.286682	
	906.3428955	1460.535706	
	913.0010986	1466.497925	
	914.7650757	1465.343506	
END
		483	911.2	1459.38
	907.4553223	1453.223877	
	906.2208862	1451.737915	
	908.0996704	1457.286682	
	914.7650757	1465.343506	
	916.5510864	1464.174316	
	911.9824829	1458.674316	
	907.4553223	1453.223877	
END
		482	915.608	1460.72
	918.7958984	1462.705078	
	914.7202759	1456.293274	
	911.9824829	1458.674316	
	916.5510864	1464.174316	
	918.7958984	1462.705078	
END
		481	918.013	1459.103
	921.1137085	1461.169922	
	915.9614868	1454.487305	
	914.7202759	1456.293274	
	918.7958984	1462.705078	
	921.1137085	1461.169922	
END
		479	927.831	1457.969
	934.4802856	1462.344116	
	924.3259277	1452.362122	
	922.5891113	1454.487305	
	922.2435303	1456.293274	
	934.4802856	1462.344116	
END
		480	931.439	1457.127
	934.524292	1457.828674	
	925.8956909	1450.441528	
	924.3259277	1452.362122	
	934.4802856	1462.344116	
	934.524292	1457.828674	
END
		478	890.695	1457.264
	898.5800781	1453.58429	
	885.6052856	1450.75293	
	884.0557251	1456.778076	
	893.6265259	1462.343872	
	896.5172729	1457.231873	
	897.5487061	1455.408081	
	897.8878784	1454.808289	
	898.5800781	1453.58429	
END
		477	921.711	1457.261
	922.2435303	1456.293274	
	920.2453003	1455.225281	
	920.5740967	1457.476685	
	925.8284912	1461.756531	
	922.2435303	1456.293274	
END
		476	919.005	1456.57
	920.2453003	1455.225281	
	915.9614868	1454.487305	
	921.1137085	1461.169922	
	920.5740967	1457.476685	
	920.2453003	1455.225281	
END
		474	902.757	1455.143
	905.0343018	1454.397095	
	897.9569092	1448.231689	
	898.5800781	1453.58429	
	906.3428955	1460.535706	
	905.0343018	1454.397095	
END
		475	906.783	1457.845
	908.0996704	1457.286682	
	905.0343018	1454.397095	
	906.3428955	1460.535706	
	908.0996704	1457.286682	
END
		473	933.971	1453.282
	939.4547119	1458.460693	
	930.3984985	1444.282715	
	928.2719116	1447.533691	
	934.524292	1457.828674	
	936.09729	1460.303101	
	939.4547119	1458.460693	
END
		471	911.324	1455.177
	914.7202759	1456.293274	
	908.9489136	1450.694519	
	907.4553223	1453.223877	
	911.9824829	1458.674316	
	914.7202759	1456.293274	
END
		470	928.234	1450.743
	934.524292	1457.828674	
	928.2719116	1447.533691	
	926.9857178	1449.107483	
	925.8956909	1450.441528	
	934.524292	1457.828674	
END
		469	905.086	1451.983
	904.9841309	1448.08429	
	900.5806885	1445.185913	
	905.0343018	1454.397095	
	908.0996704	1457.286682	
	906.2208862	1451.737915	
	904.9841309	1448.08429	
END
		468	877.113	1452.205
	885.6052856	1450.75293	
	865.395874	1446.342896	
	865.003479	1450.993103	
	877.0380859	1454.647278	
	884.0557251	1456.778076	
	885.6052856	1450.75293	
END
		465	912.717	1452.771
	913.3348999	1451.696899	
	910.0958862	1448.256287	
	908.9489136	1450.694519	
	914.7202759	1456.293274	
	915.9614868	1454.487305	
	913.3348999	1451.696899	
END
		466	921.201	1454.196
	922.5891113	1454.487305	
	919.7020874	1451.507324	
	920.2453003	1455.225281	
	922.2435303	1456.293274	
	922.5891113	1454.487305	
END
		464	917.711	1452.019
	919.7020874	1451.507324	
	915.1173096	1447.909302	
	915.9614868	1454.487305	
	920.2453003	1455.225281	
	919.7020874	1451.507324	
END
		462	914.485	1451.604
	915.9614868	1454.487305	
	915.1173096	1447.909302	
	913.3348999	1451.696899	
	915.9614868	1454.487305	
END
		463	922.336	1452.274
	924.3259277	1452.362122	
	921.0408936	1449.43689	
	919.7020874	1451.507324	
	922.5891113	1454.487305	
	924.3259277	1452.362122	
END
		461	899.634	1446.995
	900.5806885	1445.185913	
	897.4224854	1443.64209	
	897.9569092	1448.231689	
	905.0343018	1454.397095	
	900.5806885	1445.185913	
END
		460	891.328	1447.32
	897.9569092	1448.231689	
	886.4846802	1439.29187	
	886.031311	1445.201477	
	885.6052856	1450.75293	
	898.5800781	1453.58429	
	897.9569092	1448.231689	
END
		459	907.373	1450.971
	908.9489136	1450.694519	
	904.9841309	1448.08429	
	906.2208862	1451.737915	
	907.4553223	1453.223877	
	908.9489136	1450.694519	
END
		458	923.801	1450.246
	925.8956909	1450.441528	
	922.2713013	1447.533691	
	921.0408936	1449.43689	
	924.3259277	1452.362122	
	925.8956909	1450.441528	
END
		456	912.644	1448.764
	915.1173096	1447.909302	
	911.4165039	1445.005127	
	910.0958862	1448.256287	
	913.3348999	1451.696899	
	915.1173096	1447.909302	
END
		455	918.641	1448.125
	919.2966919	1444.824707	
	918.161499	1443.790894	
	915.1173096	1447.909302	
	919.7020874	1451.507324	
	921.0408936	1449.43689	
	922.2713013	1447.533691	
	919.2966919	1444.824707	
END
		454	860.277	1447.991
	865.395874	1446.342896	
	855.319519	1444.144104	
	855.303894	1446.762695	
	855.2957153	1448.139893	
	865.003479	1450.993103	
	865.395874	1446.342896	
END
		453	870.303	1444.818
	886.031311	1445.201477	
	855.3319092	1442.129883	
	855.319519	1444.144104	
	865.395874	1446.342896	
	885.6052856	1450.75293	
	886.031311	1445.201477	
END
		452	906.57	1447.607
	910.0958862	1448.256287	
	901.4656982	1443.650696	
	900.5806885	1445.185913	
	904.9841309	1448.08429	
	908.9489136	1450.694519	
	910.0958862	1448.256287	
END
		451	924.574	1448.209
	926.9857178	1449.107483	
	923.0067139	1445.34729	
	922.2713013	1447.533691	
	925.8956909	1450.441528	
	926.9857178	1449.107483	
END
		450	925.701	1446.481
	928.2719116	1447.533691	
	923.7578735	1443.113708	
	923.0067139	1445.34729	
	926.9857178	1449.107483	
	928.2719116	1447.533691	
END
		449	905.768	1443.465
	911.4165039	1445.005127	
	904.2927246	1437.323914	
	901.4656982	1443.650696	
	910.0958862	1448.256287	
	911.4165039	1445.005127	
END
		673	895.215	1444.314
	897.4224854	1443.64209	
	886.4846802	1439.29187	
	897.9569092	1448.231689	
	897.4224854	1443.64209	
END
		447	844.626	1447.046
	855.2957153	1448.139893	
	840.4509277	1445.644287	
	840.4630737	1447.183105	
	855.2957153	1448.139893	
END
		448	852.046	1447.046
	855.303894	1446.762695	
	840.4509277	1445.644287	
	855.2957153	1448.139893	
	855.303894	1446.762695	
END
		445	914.631	1444.578
	918.161499	1443.790894	
	914.3389282	1440.309326	
	911.4165039	1445.005127	
	915.1173096	1447.909302	
	918.161499	1443.790894	
END
		443	921.377	1444.462
	923.7578735	1443.113708	
	921.1146851	1440.52533	
	919.2966919	1444.824707	
	922.2713013	1447.533691	
	923.0067139	1445.34729	
	923.7578735	1443.113708	
END
		444	926.649	1443.311
	930.3984985	1444.282715	
	923.4279175	1437.899719	
	921.1146851	1440.52533	
	923.7578735	1443.113708	
	928.2719116	1447.533691	
	930.3984985	1444.282715	
END
		442	832.384	1444.26
	840.4326782	1443.364502	
	824.524292	1440.514526	
	824.2302856	1446.135925	
	840.4630737	1447.183105	
	840.4509277	1445.644287	
	840.4326782	1443.364502	
END
		441	847.88	1445.273
	855.319519	1444.144104	
	840.4326782	1443.364502	
	840.4509277	1445.644287	
	855.303894	1446.762695	
	855.319519	1444.144104	
END
		440	813.265	1442.22
	824.524292	1440.514526	
	802.100708	1437.200928	
	802.0935059	1444.707886	
	824.2302856	1446.135925	
	824.524292	1440.514526	
END
		439	873.188	1442.611
	886.031311	1445.201477	
	886.4846802	1439.29187	
	855.3457031	1439.915527	
	855.3319092	1442.129883	
	886.031311	1445.201477	
END
		438	899.282	1443.484
	901.4656982	1443.650696	
	897.1500854	1441.302673	
	897.4224854	1443.64209	
	900.5806885	1445.185913	
	901.4656982	1443.650696	
END
		672	902.181	1433.443
	902.8084717	1432.551514	
	898.616272	1428.206909	
	897.4398804	1429.934875	
	904.2927246	1437.323914	
	911.4165039	1445.005127	
	908.8369141	1440.101074	
	907.3314819	1437.238892	
	902.8084717	1432.551514	
END
		437	911.587	1441.455
	914.3389282	1440.309326	
	911.1580811	1436.90448	
	908.8369141	1440.101074	
	911.4165039	1445.005127	
	914.3389282	1440.309326	
END
		435	916.441	1439.007
	921.1146851	1440.52533	
	911.9484863	1431.549683	
	911.1580811	1436.90448	
	914.3389282	1440.309326	
	918.161499	1443.790894	
	919.2966919	1444.824707	
	921.1146851	1440.52533	
END
		433	798.808	1440.706
	802.100708	1437.200928	
	795.4495239	1435.577881	
	795.5682983	1444.286926	
	802.0935059	1444.707886	
	802.100708	1437.200928	
END
		432	789.412	1439.829
	795.4495239	1435.577881	
	783.3400879	1434.114929	
	783.3253174	1437.432129	
	783.3076782	1441.822327	
	783.2974854	1443.4953	
	795.5682983	1444.286926	
	795.4495239	1435.577881	
END
		431	847.877	1442.291
	855.3319092	1442.129883	
	855.3457031	1439.915527	
	840.4074707	1440.201111	
	840.4326782	1443.364502	
	855.319519	1444.144104	
	855.3319092	1442.129883	
END
		429	897.686	1438.325
	901.4656982	1443.650696	
	896.3751221	1431.499695	
	894.670105	1434.004517	
	897.1500854	1441.302673	
	901.4656982	1443.650696	
END
		430	901.549	1437.639
	904.2927246	1437.323914	
	897.4398804	1429.934875	
	896.3751221	1431.499695	
	901.4656982	1443.650696	
	904.2927246	1437.323914	
END
		428	892.416	1440.585
	897.1500854	1441.302673	
	891.133728	1439.200317	
	886.4846802	1439.29187	
	897.4224854	1443.64209	
	897.1500854	1441.302673	
END
		426	770.867	1442.542
	776.303894	1442.410522	
	765.7872925	1441.176086	
	765.3776855	1442.768311	
	776.2542725	1443.607117	
	776.303894	1442.410522	
END
		427	779.794	1442.825
	783.2974854	1443.4953	
	783.3048706	1441.82251	
	776.303894	1442.410522	
	776.2542725	1443.607117	
	783.2974854	1443.4953	
END
		424	834.347	1441.187
	840.4326782	1443.364502	
	840.4074707	1440.201111	
	824.524292	1440.514526	
	840.4326782	1443.364502	
END
		422	724.825	1441.649
	725.8295288	1440.504883	
	723.6599121	1440.204895	
	723.6325073	1442.347473	
	726.1854858	1442.776123	
	725.8295288	1440.504883	
END
		423	727.09	1441.781
	727.9550781	1440.590698	
	725.8295288	1440.504883	
	726.1854858	1442.776123	
	728.2659302	1442.476074	
	727.9550781	1440.590698	
END
		421	763.193	1441.752
	765.7872925	1441.176086	
	760.8363037	1440.448914	
	760.7149048	1442.209106	
	765.3776855	1442.768311	
	765.7872925	1441.176086	
END
		420	729.831	1441.462
	731.6613159	1441.833313	
	731.2244873	1440.162109	
	727.9550781	1440.590698	
	728.2659302	1442.476074	
	731.6613159	1441.833313	
END
		418	771.04	1441.004
	776.3162842	1440.233887	
	765.5670776	1439.202087	
	765.7872925	1441.176086	
	776.303894	1442.410522	
	776.3162842	1440.233887	
END
		419	779.815	1440.182
	783.3253174	1437.432129	
	776.3327026	1437.326294	
	776.3165283	1440.180725	
	776.3162842	1440.233887	
	776.303894	1442.410522	
	783.3048706	1441.82251	
	783.3253174	1437.432129	
END
		415	742.481	1440.341
	746.265686	1438.126526	
	738.5437012	1437.73291	
	738.5089111	1442.309875	
	746.628479	1442.376709	
	746.4661255	1440.475098	
	746.265686	1438.126526	
END
		417	750.615	1441.47
	754.6668701	1441.873474	
	754.7114868	1440.307495	
	746.4661255	1440.475098	
	746.628479	1442.376709	
	754.6668701	1441.873474	
END
		414	722.403	1441.258
	723.6599121	1440.204895	
	721.1500854	1439.862122	
	721.164917	1441.961914	
	723.6325073	1442.347473	
	723.6599121	1440.204895	
END
		413	736.627	1440.173
	738.5437012	1437.73291	
	734.0422974	1437.434326	
	734.534729	1439.476318	
	735.0588989	1441.490479	
	738.5089111	1442.309875	
	738.5437012	1437.73291	
END
		412	757.727	1441.376
	760.8363037	1440.448914	
	754.7114868	1440.307495	
	754.6668701	1441.873474	
	760.7149048	1442.209106	
	760.8363037	1440.448914	
END
		411	720.296	1440.966
	721.1500854	1439.862122	
	719.1088867	1439.690674	
	719.5897217	1441.576294	
	721.164917	1441.961914	
	721.1500854	1439.862122	
END
		410	733.135	1440.8
	735.0588989	1441.490479	
	734.534729	1439.476318	
	731.2244873	1440.162109	
	731.6613159	1441.833313	
	735.0588989	1441.490479	
END
		408	718.104	1440.731
	719.1088867	1439.690674	
	716.6434937	1439.647888	
	716.9534912	1441.404907	
	719.5897217	1441.576294	
	719.1088867	1439.690674	
END
		406	715.31	1440.447
	716.6434937	1439.647888	
	714.0905151	1439.219299	
	713.7617188	1440.804871	
	716.9534912	1441.404907	
	716.6434937	1439.647888	
END
		405	893.971	1438.104
	897.1500854	1441.302673	
	894.670105	1434.004517	
	893.1229248	1436.27771	
	891.133728	1439.200317	
	897.1500854	1441.302673	
END
		404	763.225	1439.4
	765.5670776	1439.202087	
	760.9158936	1437.124329	
	760.8363037	1440.448914	
	765.7872925	1441.176086	
	765.5670776	1439.202087	
END
		403	712.751	1439.922
	714.0905151	1439.219299	
	710.9425049	1438.790894	
	711.8037109	1440.376282	
	713.7617188	1440.804871	
	714.0905151	1439.219299	
END
		401	726.865	1438.97
	727.7874756	1437.020081	
	725.8798828	1436.893677	
	725.8295288	1440.504883	
	727.9550781	1440.590698	
	727.7874756	1437.020081	
END
		402	729.573	1439.026
	731.328125	1437.2547	
	727.7874756	1437.020081	
	727.9550781	1440.590698	
	731.2244873	1440.162109	
	731.328125	1437.2547	
END
		671	918.676	1435.893
	923.4279175	1437.899719	
	913.6906738	1429.954895	
	911.9484863	1431.549683	
	921.1146851	1440.52533	
	923.4279175	1437.899719	
END
		398	816.527	1438.126
	824.7022705	1437.93927	
	801.9533081	1435.065674	
	802.100708	1437.200928	
	824.524292	1440.514526	
	824.7022705	1437.93927	
END
		399	850.367	1439.496
	849.8630981	1435.660889	
	824.8983154	1435.105286	
	824.7022705	1437.93927	
	824.524292	1440.514526	
	840.4074707	1440.201111	
	855.3457031	1439.915527	
	886.4846802	1439.29187	
	891.133728	1439.200317	
	865.6674805	1436.811096	
	849.8630981	1435.660889	
END
		397	724.718	1438.852
	725.8798828	1436.893677	
	723.4655151	1436.733887	
	723.6599121	1440.204895	
	725.8295288	1440.504883	
	725.8798828	1436.893677	
END
		395	750.55	1438.637
	754.7114868	1440.307495	
	754.9049072	1436.281128	
	746.265686	1438.126526	
	746.4661255	1440.475098	
	754.7114868	1440.307495	
END
		394	757.836	1438.622
	760.9158936	1437.124329	
	754.9049072	1436.281128	
	754.7114868	1440.307495	
	760.8363037	1440.448914	
	760.9158936	1437.124329	
END
		393	708.243	1439.174
	710.9425049	1438.790894	
	705.3242798	1437.633728	
	705.3370972	1439.433472	
	711.8037109	1440.376282	
	710.9425049	1438.790894	
END
		392	770.946	1436.917
	776.2376709	1432.760681	
	765.6901245	1432.666077	
	765.5670776	1439.202087	
	776.3162842	1440.233887	
	776.3165283	1440.180725	
	776.3327026	1437.326294	
	776.2376709	1432.760681	
END
		391	722.33	1438.684
	723.4655151	1436.733887	
	720.9799194	1436.733887	
	721.1500854	1439.862122	
	723.6599121	1440.204895	
	723.4655151	1436.733887	
END
		388	732.831	1438.888
	734.0422974	1437.434326	
	731.328125	1437.2547	
	731.2244873	1440.162109	
	734.534729	1439.476318	
	734.0422974	1437.434326	
END
		387	909.071	1437.757
	911.1580811	1436.90448	
	909.1486816	1434.753723	
	907.3314819	1437.238892	
	908.8369141	1440.101074	
	911.1580811	1436.90448	
END
		386	719.951	1438.491
	720.9799194	1436.733887	
	718.4143066	1436.733887	
	719.1088867	1439.690674	
	721.1500854	1439.862122	
	720.9799194	1436.733887	
END
		385	717.653	1438.395
	718.4143066	1436.733887	
	716.3151245	1436.733887	
	716.6434937	1439.647888	
	719.1088867	1439.690674	
	718.4143066	1436.733887	
END
		384	715.181	1438.371
	716.3151245	1436.733887	
	713.4210815	1436.733887	
	714.0905151	1439.219299	
	716.6434937	1439.647888	
	716.3151245	1436.733887	
END
		383	704.532	1438.358
	705.3242798	1437.633728	
	703.6837158	1436.979492	
	703.762085	1439.090698	
	705.3370972	1439.433472	
	705.3242798	1437.633728	
END
		382	712.361	1438.13
	713.4210815	1436.733887	
	710.885498	1436.733887	
	710.9425049	1438.790894	
	714.0905151	1439.219299	
	713.4210815	1436.733887	
END
		381	763.285	1436.338
	765.5670776	1439.202087	
	765.6901245	1432.666077	
	761.0927124	1432.968506	
	760.9158936	1437.124329	
	765.5670776	1439.202087	
END
		378	873.217	1434.743
	891.133728	1439.200317	
	866.7938843	1429.030701	
	865.6674805	1436.811096	
	891.133728	1439.200317	
END
		379	880.928	1432.726
	885.802124	1432.179688	
	867.4603271	1424.428894	
	866.7938843	1429.030701	
	891.133728	1439.200317	
	885.802124	1432.179688	
END
		380	888.598	1432.452
	888.1948853	1427.399109	
	879.4411011	1423.803711	
	885.6079102	1431.923889	
	885.802124	1432.179688	
	891.133728	1439.200317	
	893.1229248	1436.27771	
	888.1948853	1427.399109	
END
		375	702.611	1437.822
	703.6837158	1436.979492	
	701.5095215	1436.196899	
	701.5054932	1438.490723	
	703.762085	1439.090698	
	703.6837158	1436.979492	
END
		374	708.131	1437.135
	710.885498	1436.733887	
	705.5388794	1435.013306	
	705.3242798	1437.633728	
	710.9425049	1438.790894	
	710.885498	1436.733887	
END
		373	700.194	1437.111
	701.5095215	1436.196899	
	699.1860962	1435.343506	
	698.8088989	1437.53009	
	701.5054932	1438.490723	
	701.5095215	1436.196899	
END
		371	742.365	1436.411
	746.0733032	1434.435486	
	738.5689087	1434.211731	
	738.5437012	1437.73291	
	746.265686	1438.126526	
	746.0733032	1434.435486	
END
		372	750.01	1436.509
	754.9049072	1436.281128	
	746.0733032	1434.435486	
	746.265686	1438.126526	
	754.9049072	1436.281128	
END
		370	815.88	1435.691
	824.8983154	1435.105286	
	825.0571289	1432.809326	
	801.8334961	1433.331299	
	801.9533081	1435.065674	
	824.7022705	1437.93927	
	824.8983154	1435.105286	
END
		368	731.12	1435.409
	738.5689087	1434.211731	
	738.574707	1432.430298	
	724.0610962	1433.095276	
	723.4655151	1436.733887	
	725.8798828	1436.893677	
	727.7874756	1437.020081	
	731.328125	1437.2547	
	734.0422974	1437.434326	
	738.5437012	1437.73291	
	738.5689087	1434.211731	
END
		367	704.609	1436.272
	705.5388794	1435.013306	
	704.0249023	1434.526123	
	703.6837158	1436.979492	
	705.3242798	1437.633728	
	705.5388794	1435.013306	
END
		366	697.729	1436.197
	699.1860962	1435.343506	
	696.7672729	1434.489502	
	696.3175049	1436.694885	
	698.8088989	1437.53009	
	699.1860962	1435.343506	
END
		365	779.813	1435.385
	783.3400879	1434.114929	
	776.2376709	1432.760681	
	776.3327026	1437.326294	
	783.3253174	1437.432129	
	783.3400879	1434.114929	
END
		364	906.445	1434.126
	909.1486816	1434.753723	
	904.8355103	1430.136719	
	902.8084717	1432.551514	
	907.3314819	1437.238892	
	909.1486816	1434.753723	
END
		363	798.46	1431.719
	801.4655151	1427.998901	
	801.2373047	1424.692505	
	796.9990845	1426.923706	
	794.9562988	1427.999084	
	795.4495239	1435.577881	
	802.100708	1437.200928	
	801.9533081	1435.065674	
	801.8334961	1433.331299	
	801.5908813	1429.817078	
	801.4655151	1427.998901	
END
		362	757.957	1435.162
	761.0927124	1432.968506	
	754.9346924	1432.646118	
	754.9049072	1436.281128	
	760.9158936	1437.124329	
	761.0927124	1432.968506	
END
		361	702.747	1435.611
	704.0249023	1434.526123	
	701.947876	1433.85791	
	701.5095215	1436.196899	
	703.6837158	1436.979492	
	704.0249023	1434.526123	
END
		360	908.336	1430.871
	911.9484863	1431.549683	
	902.0667114	1423.137695	
	900.4777222	1425.472107	
	904.8355103	1430.136719	
	909.1486816	1434.753723	
	911.1580811	1436.90448	
	911.9484863	1431.549683	
END
		358	854.117	1433.67
	865.6674805	1436.811096	
	849.381897	1429.643921	
	849.8630981	1435.660889	
	865.6674805	1436.811096	
END
		670	858.897	1428.706
	867.4603271	1424.428894	
	868.3450928	1418.317688	
	849.381897	1429.643921	
	865.6674805	1436.811096	
	866.7938843	1429.030701	
	867.4603271	1424.428894	
END
		356	703.383	1432.203
	709.3781128	1431.615906	
	697.3391113	1430.151123	
	697.2072754	1432.332275	
	699.6364746	1433.114075	
	701.947876	1433.85791	
	704.0249023	1434.526123	
	705.5388794	1435.013306	
	710.885498	1436.733887	
	709.3781128	1431.615906	
END
		357	717.029	1434.491
	724.0610962	1433.095276	
	709.3781128	1431.615906	
	710.885498	1436.733887	
	713.4210815	1436.733887	
	716.3151245	1436.733887	
	718.4143066	1436.733887	
	720.9799194	1436.733887	
	723.4655151	1436.733887	
	724.0610962	1433.095276	
END
		355	695.56	1435.447
	696.7672729	1434.489502	
	694.9337158	1433.847473	
	694.4699097	1435.766724	
	696.3175049	1436.694885	
	696.7672729	1434.489502	
END
		354	751.099	1434.688
	754.9049072	1436.281128	
	754.9346924	1432.646118	
	746.0733032	1434.435486	
	754.9049072	1436.281128	
END
		353	892.023	1432.386
	894.670105	1434.004517	
	888.1948853	1427.399109	
	893.1229248	1436.27771	
	894.670105	1434.004517	
END
		352	700.525	1434.846
	701.947876	1433.85791	
	699.6364746	1433.114075	
	699.1860962	1435.343506	
	701.5095215	1436.196899	
	701.947876	1433.85791	
END
		351	693.441	1434.588
	694.9337158	1433.847473	
	692.6812744	1433.077087	
	692.0692749	1434.745728	
	694.4699097	1435.766724	
	694.9337158	1433.847473	
END
		350	838.753	1432.955
	849.381897	1429.643921	
	832.633728	1429.487122	
	824.8983154	1435.105286	
	849.8630981	1435.660889	
	849.381897	1429.643921	
END
		349	791.052	1432.256
	795.4495239	1435.577881	
	794.9562988	1427.999084	
	783.3400879	1434.114929	
	795.4495239	1435.577881	
END
		348	698.157	1434.024
	699.6364746	1433.114075	
	697.2072754	1432.332275	
	696.7672729	1434.489502	
	699.1860962	1435.343506	
	699.6364746	1433.114075	
END
		347	830.179	1427.802
	838.5241089	1425.208923	
	825.6320801	1424.493896	
	825.3096924	1429.158325	
	825.0571289	1432.809326	
	824.8983154	1435.105286	
	832.633728	1429.487122	
	838.5241089	1425.208923	
END
		346	691.192	1433.608
	692.6812744	1433.077087	
	690.2952881	1432.149475	
	689.7633057	1434.095886	
	692.0692749	1434.745728	
	692.6812744	1433.077087	
END
		345	696.053	1433.232
	697.2072754	1432.332275	
	695.4719238	1431.620117	
	694.9337158	1433.847473	
	696.7672729	1434.489502	
	697.2072754	1432.332275	
END
		343	742.27	1433.186
	746.0733032	1434.435486	
	745.8312988	1431.583496	
	738.574707	1432.430298	
	738.5689087	1434.211731	
	746.0733032	1434.435486	
END
		344	749.838	1432.246
	754.9346924	1432.646118	
	745.7545166	1429.439087	
	745.8312988	1431.583496	
	746.0733032	1434.435486	
	754.9346924	1432.646118	
END
		341	779.744	1431.238
	783.3566895	1430.152893	
	776.0496826	1429.93573	
	776.2376709	1432.760681	
	783.3400879	1434.114929	
	783.3566895	1430.152893	
END
		342	787.172	1430.126
	796.9990845	1426.923706	
	796.8862915	1425.013489	
	789.1707153	1427.944275	
	783.3566895	1430.152893	
	783.3400879	1434.114929	
	794.9562988	1427.999084	
	796.9990845	1426.923706	
END
		340	688.922	1432.826
	690.2952881	1432.149475	
	688.1859131	1431.19751	
	687.6395264	1433.167725	
	689.7633057	1434.095886	
	690.2952881	1432.149475	
END
		339	888.482	1425.81
	896.3751221	1431.499695	
	879.0957031	1415.307922	
	879.2091064	1418.095886	
	888.1948853	1427.399109	
	894.670105	1434.004517	
	896.3751221	1431.499695	
END
		338	694.07	1432.518
	695.4719238	1431.620117	
	693.5109253	1430.815308	
	692.6812744	1433.077087	
	694.9337158	1433.847473	
	695.4719238	1431.620117	
END
		337	813.427	1431.502
	825.0571289	1432.809326	
	825.3096924	1429.158325	
	801.5908813	1429.817078	
	801.8334961	1433.331299	
	825.0571289	1432.809326	
END
		336	686.883	1431.895
	688.1859131	1431.19751	
	686.1450806	1430.265076	
	685.6102905	1432.610718	
	687.6395264	1433.167725	
	688.1859131	1431.19751	
END
		334	719.677	1431.13
	724.0610962	1433.095276	
	724.7595215	1430.239319	
	709.3781128	1431.615906	
	724.0610962	1433.095276	
END
		335	731.545	1431.055
	738.574707	1432.430298	
	738.4464722	1428.440918	
	724.7595215	1430.239319	
	724.0610962	1433.095276	
	738.574707	1432.430298	
END
		333	691.826	1431.625
	693.5109253	1430.815308	
	690.9476929	1429.763123	
	690.2952881	1432.149475	
	692.6812744	1433.077087	
	693.5109253	1430.815308	
END
		331	758.856	1430.154
	761.0487061	1426.735107	
	759.1072998	1426.546692	
	754.9346924	1432.646118	
	761.0927124	1432.968506	
	761.0487061	1426.735107	
END
		332	763.317	1430.191
	765.6901245	1432.666077	
	765.3754883	1426.631104	
	761.0487061	1426.735107	
	761.0927124	1432.968506	
	765.6901245	1432.666077	
END
		330	770.807	1430.074
	775.8919067	1427.566101	
	765.3754883	1426.631104	
	765.6901245	1432.666077	
	776.2376709	1432.760681	
	776.0496826	1429.93573	
	775.8919067	1427.566101	
END
		327	750.965	1429.803
	754.9346924	1432.646118	
	755.3881226	1426.158875	
	745.7518921	1429.368286	
	745.7545166	1429.439087	
	754.9346924	1432.646118	
END
		328	756.618	1428.181
	759.1072998	1426.546692	
	755.3881226	1426.158875	
	754.9346924	1432.646118	
	759.1072998	1426.546692	
END
		326	684.977	1431.183
	686.1450806	1430.265076	
	684.2017212	1429.353699	
	683.9752808	1431.600708	
	685.6102905	1432.610718	
	686.1450806	1430.265076	
END
		325	902.004	1429.449
	904.8355103	1430.136719	
	900.4777222	1425.472107	
	898.616272	1428.206909	
	902.8084717	1432.551514	
	904.8355103	1430.136719	
END
		324	742.119	1430.368
	745.7518921	1429.368286	
	745.6931152	1427.72467	
	738.4464722	1428.440918	
	738.574707	1432.430298	
	745.8312988	1431.583496	
	745.7545166	1429.439087	
	745.7518921	1429.368286	
END
		323	692.451	1429.261
	697.3391113	1430.151123	
	685.6140747	1425.324524	
	684.4298706	1427.088074	
	686.6607056	1428.003479	
	688.8250732	1428.89209	
	690.9476929	1429.763123	
	693.5109253	1430.815308	
	695.4719238	1431.620117	
	697.2072754	1432.332275	
	697.3391113	1430.151123	
END
		321	874.825	1426.104
	885.6079102	1431.923889	
	868.3450928	1418.317688	
	867.4603271	1424.428894	
	885.802124	1432.179688	
	885.6079102	1431.923889	
END
		669	689.502	1430.722
	690.9476929	1429.763123	
	688.8250732	1428.89209	
	688.1859131	1431.19751	
	690.2952881	1432.149475	
	690.9476929	1429.763123	
END
		319	879.561	1425.961
	879.4411011	1423.803711	
	868.3450928	1418.317688	
	885.6079102	1431.923889	
	879.4411011	1423.803711	
END
		315	701.076	1429.306
	709.3781128	1431.615906	
	698.4168701	1426.34552	
	697.3391113	1430.151123	
	709.3781128	1431.615906	
END
		316	703.704	1426.775
	709.8687134	1427.18689	
	698.6807251	1424.581909	
	698.4168701	1426.34552	
	709.3781128	1431.615906	
	709.8687134	1427.18689	
END
		317	717.136	1429.675
	724.3848877	1427.635681	
	709.8687134	1427.18689	
	709.3781128	1431.615906	
	724.7595215	1430.239319	
	724.3848877	1427.635681	
END
		314	682.906	1430.12
	684.2017212	1429.353699	
	681.9509277	1428.221924	
	681.637085	1430.475891	
	683.9752808	1431.600708	
	684.2017212	1429.353699	
END
		313	908.47	1427.111
	913.6906738	1429.954895	
	903.2337036	1421.422913	
	902.0667114	1423.137695	
	911.9484863	1431.549683	
	913.6906738	1429.954895	
END
		311	889.652	1424.403
	897.4398804	1429.934875	
	879.0957031	1415.307922	
	896.3751221	1431.499695	
	897.4398804	1429.934875	
END
		310	687.413	1429.798
	688.8250732	1428.89209	
	686.6607056	1428.003479	
	686.1450806	1430.265076	
	688.1859131	1431.19751	
	688.8250732	1428.89209	
END
		308	680.561	1428.947
	681.9509277	1428.221924	
	679.8218994	1426.986511	
	679.2337036	1429.083679	
	681.637085	1430.475891	
	681.9509277	1428.221924	
END
		307	685.356	1428.873
	686.6607056	1428.003479	
	684.4298706	1427.088074	
	684.2017212	1429.353699	
	686.1450806	1430.265076	
	686.6607056	1428.003479	
END
		306	731.463	1428.133
	738.4464722	1428.440918	
	738.5377197	1427.178284	
	724.3848877	1427.635681	
	724.7595215	1430.239319	
	738.4464722	1428.440918	
END
		304	779.63	1426.723
	783.3892822	1422.444275	
	775.6671143	1422.328125	
	775.8919067	1427.566101	
	776.0496826	1429.93573	
	783.3566895	1430.152893	
	783.3892822	1422.444275	
END
		305	786.23	1426.563
	789.1707153	1427.944275	
	788.809082	1421.962891	
	783.3892822	1422.444275	
	783.3566895	1430.152893	
	789.1707153	1427.944275	
END
		303	692.123	1426.062
	698.4168701	1426.34552	
	686.5269165	1424.210693	
	685.6140747	1425.324524	
	697.3391113	1430.151123	
	698.4168701	1426.34552	
END
		301	889.778	1422.617
	894.0192871	1424.696472	
	879.0112915	1413.236694	
	879.0957031	1415.307922	
	897.4398804	1429.934875	
	898.616272	1428.206909	
	894.0192871	1424.696472	
END
		668	817.368	1425.406
	825.6320801	1424.493896	
	825.960083	1419.751892	
	801.4655151	1427.998901	
	801.5908813	1429.817078	
	825.3096924	1429.158325	
	825.6320801	1424.493896	
END
		299	843.921	1425.344
	849.381897	1429.643921	
	849.659729	1419.832703	
	845.4539185	1420.175903	
	838.5241089	1425.208923	
	832.633728	1429.487122	
	849.381897	1429.643921	
END
		300	856.018	1421.848
	849.381897	1429.643921	
	868.3450928	1418.317688	
	849.659729	1419.832703	
	849.381897	1429.643921	
END
		295	748.6	1427.447
	755.3881226	1426.158875	
	745.5629272	1424.984497	
	745.6931152	1427.72467	
	745.7518921	1429.368286	
	755.3881226	1426.158875	
END
		294	683.189	1427.757
	684.4298706	1427.088074	
	682.2954712	1425.710876	
	681.9509277	1428.221924	
	684.2017212	1429.353699	
	684.4298706	1427.088074	
END
		293	678.706	1427.736
	679.8218994	1426.986511	
	678.1541138	1426.008484	
	677.7902832	1427.789673	
	679.2337036	1429.083679	
	679.8218994	1426.986511	
END
		292	742.087	1426.926
	745.6931152	1427.72467	
	745.5629272	1424.984497	
	738.4268799	1425.66333	
	738.5377197	1427.178284	
	738.4464722	1428.440918	
	745.6931152	1427.72467	
END
		291	681.049	1426.615
	682.2954712	1425.710876	
	680.5039063	1424.554688	
	679.8218994	1426.986511	
	681.9509277	1428.221924	
	682.2954712	1425.710876	
END
		290	897.825	1425.691
	900.4777222	1425.472107	
	895.9946899	1422.466492	
	894.0192871	1424.696472	
	898.616272	1428.206909	
	900.4777222	1425.472107	
END
		289	812.152	1422.655
	826.0817261	1417.99353	
	826.2330933	1415.806274	
	810.1942749	1421.508301	
	801.2373047	1424.692505	
	801.4655151	1427.998901	
	825.960083	1419.751892	
	826.0817261	1417.99353	
END
		288	792.834	1423.349
	796.8862915	1425.013489	
	796.6353149	1421.267517	
	788.809082	1421.962891	
	789.1707153	1427.944275	
	796.8862915	1425.013489	
END
		287	676.83	1426.416
	678.1541138	1426.008484	
	675.9442749	1424.655884	
	675.4456787	1427.134521	
	677.7902832	1427.789673	
	678.1541138	1426.008484	
END
		285	717.466	1425.708
	724.5446777	1425.032104	
	711.0872803	1423.236694	
	710.3726807	1425.552917	
	709.8687134	1427.18689	
	724.3848877	1427.635681	
	724.5446777	1425.032104	
END
		286	731.471	1426.495
	738.4268799	1425.66333	
	724.5446777	1425.032104	
	724.3848877	1427.635681	
	738.5377197	1427.178284	
	738.4268799	1425.66333	
END
		284	770.551	1423.787
	775.6671143	1422.328125	
	775.5219116	1418.943115	
	765.3688965	1419.050293	
	765.3372803	1421.228699	
	765.3754883	1426.631104	
	775.8919067	1427.566101	
	775.6671143	1422.328125	
END
		283	881.839	1423.322
	888.1948853	1427.399109	
	879.2091064	1418.095886	
	879.3632813	1421.886292	
	879.4411011	1423.803711	
	888.1948853	1427.399109	
END
		281	706.731	1425.613
	710.3726807	1425.552917	
	698.5805054	1423.595093	
	698.6807251	1424.581909	
	709.8687134	1427.18689	
	710.3726807	1425.552917	
END
		280	674.872	1425.6
	675.9442749	1424.655884	
	674.2033081	1423.634094	
	673.9636841	1425.835083	
	675.4456787	1427.134521	
	675.9442749	1424.655884	
END
		279	680.073	1422.939
	685.6140747	1425.324524	
	674.4213257	1417.620483	
	672.7780762	1419.569702	
	674.5233154	1420.695923	
	676.486084	1421.96228	
	678.6898804	1423.384277	
	680.5039063	1424.554688	
	682.2958984	1425.70813	
	684.4298706	1427.088074	
	685.6140747	1425.324524	
END
		277	679.271	1425.408
	680.5039063	1424.554688	
	678.6898804	1423.384277	
	678.1541138	1426.008484	
	679.8218994	1426.986511	
	680.5039063	1424.554688	
END
		275	798.412	1425.388
	796.9990845	1426.923706	
	801.2373047	1424.692505	
	796.8862915	1425.013489	
	796.9990845	1426.923706	
END
		272	758.224	1425.036
	760.8635254	1423.404297	
	755.6975098	1422.859314	
	755.3881226	1426.158875	
	759.1072998	1426.546692	
	761.0487061	1426.735107	
	760.8635254	1423.404297	
END
		274	763.155	1424.212
	765.3372803	1421.228699	
	760.7285156	1420.978699	
	760.8635254	1423.404297	
	761.0487061	1426.735107	
	765.3754883	1426.631104	
	765.3372803	1421.228699	
END
		268	690.088	1424.189
	698.4168701	1426.34552	
	687.5198975	1421.426086	
	686.5269165	1424.210693	
	698.4168701	1426.34552	
END
		269	693.934	1423.294
	698.6807251	1424.581909	
	688.7020874	1419.384094	
	687.5198975	1421.426086	
	698.4168701	1426.34552	
	698.6807251	1424.581909	
END
		267	750.527	1424.1
	755.6975098	1422.859314	
	745.2050781	1421.461304	
	745.5629272	1424.984497	
	755.3881226	1426.158875	
	755.6975098	1422.859314	
END
		266	677.272	1424.235
	678.6898804	1423.384277	
	676.486084	1421.96228	
	675.9442749	1424.655884	
	678.1541138	1426.008484	
	678.6898804	1423.384277	
END
		265	673.124	1424.451
	674.2033081	1423.634094	
	672.3673096	1422.677673	
	672.0789185	1424.860291	
	673.9636841	1425.835083	
	674.2033081	1423.634094	
END
		262	731.393	1423.184
	737.9622803	1421.859924	
	737.7359009	1420.007324	
	724.7050781	1422.518311	
	724.5446777	1425.032104	
	738.4268799	1425.66333	
	737.9622803	1421.859924	
END
		263	741.823	1423.822
	745.5629272	1424.984497	
	745.2050781	1421.461304	
	737.9622803	1421.859924	
	738.4268799	1425.66333	
	745.5629272	1424.984497	
END
		667	704.797	1423.419
	711.0872803	1423.236694	
	698.2849121	1420.683472	
	698.5805054	1423.595093	
	710.3726807	1425.552917	
	711.0872803	1423.236694	
END
		257	890.025	1417.883
	900.4777222	1425.472107	
	886.550293	1414.446472	
	886.4263306	1416.051514	
	895.9946899	1422.466492	
	900.4777222	1425.472107	
END
		259	890.472	1415.084
	892.8074951	1413.904724	
	886.8643188	1410.378479	
	886.550293	1414.446472	
	900.4777222	1425.472107	
	892.8074951	1413.904724	
END
		260	897.854	1419.247
	902.0667114	1423.137695	
	893.8009033	1411.268921	
	892.8074951	1413.904724	
	900.4777222	1425.472107	
	902.0667114	1423.137695	
END
		256	681.04	1421.216
	686.5269165	1424.210693	
	675.237915	1415.949707	
	674.4213257	1417.620483	
	685.6140747	1425.324524	
	686.5269165	1424.210693	
END
		255	833.783	1422.817
	845.4539185	1420.175903	
	825.960083	1419.751892	
	825.6320801	1424.493896	
	838.5241089	1425.208923	
	845.4539185	1420.175903	
END
		254	717.926	1422.56
	724.7050781	1422.518311	
	711.2526855	1421.441101	
	711.0872803	1423.236694	
	724.5446777	1425.032104	
	724.7050781	1422.518311	
END
		252	801.497	1420.343
	796.8862915	1425.013489	
	810.7279053	1418.227112	
	807.7775269	1418.326477	
	796.4639282	1418.707886	
	796.6353149	1421.267517	
	796.8862915	1425.013489	
END
		253	805.827	1422.039
	810.1942749	1421.508301	
	810.7279053	1418.227112	
	796.8862915	1425.013489	
	801.2373047	1424.692505	
	810.1942749	1421.508301	
END
		250	671.02	1423.439
	670.2526855	1421.750916	
	670.0725098	1421.61731	
	669.7677002	1423.468079	
	672.0789185	1424.860291	
	672.3673096	1422.677673	
	670.2526855	1421.750916	
END
		249	888.275	1418.702
	886.4263306	1416.051514	
	878.9210815	1411.019897	
	879.0112915	1413.236694	
	894.0192871	1424.696472	
	895.9946899	1422.466492	
	886.4263306	1416.051514	
END
		248	675.287	1422.92
	676.486084	1421.96228	
	674.5233154	1420.695923	
	674.2033081	1423.634094	
	675.9442749	1424.655884	
	676.486084	1421.96228	
END
		247	694.816	1420.758
	698.2849121	1420.683472	
	690.1500854	1415.856873	
	688.7020874	1419.384094	
	698.6807251	1424.581909	
	698.5805054	1423.595093	
	698.2849121	1420.683472	
END
		246	682.639	1419.695
	687.5198975	1421.426086	
	676.236084	1413.907715	
	675.237915	1415.949707	
	686.5269165	1424.210693	
	687.5198975	1421.426086	
END
		245	874.47	1420.346
	879.3632813	1421.886292	
	868.2368774	1415.913879	
	868.3450928	1418.317688	
	879.4411011	1423.803711	
	879.3632813	1421.886292	
END
		244	673.437	1421.853
	674.5233154	1420.695923	
	672.7780762	1419.569702	
	672.3673096	1422.677673	
	674.2033081	1423.634094	
	674.5233154	1420.695923	
END
		243	668.888	1422.024
	670.0725098	1421.61731	
	668.1243286	1420.173096	
	667.6959229	1422.41272	
	669.7677002	1423.468079	
	670.0725098	1421.61731	
END
		241	758.128	1421.54
	760.7285156	1420.978699	
	760.5828857	1419.150879	
	755.1759033	1419.454712	
	755.6975098	1422.859314	
	760.8635254	1423.404297	
	760.7285156	1420.978699	
END
		240	707.4	1421.738
	711.2526855	1421.441101	
	698.2789307	1419.817871	
	698.2849121	1420.683472	
	711.0872803	1423.236694	
	711.2526855	1421.441101	
END
		239	899.219	1417.936
	903.2337036	1421.422913	
	893.8009033	1411.268921	
	902.0667114	1423.137695	
	903.2337036	1421.422913	
END
		238	750.234	1420.531
	755.1759033	1419.454712	
	754.8834839	1417.546509	
	745.0234985	1419.28009	
	745.2050781	1421.461304	
	755.6975098	1422.859314	
	755.1759033	1419.454712	
END
		237	671.419	1420.745
	672.7780762	1419.569702	
	670.6240845	1418.2677	
	670.0725098	1421.61731	
	670.2526855	1421.750916	
	672.3673096	1422.677673	
	672.7780762	1419.569702	
END
		235	717.891	1421.259
	724.329895	1419.82489	
	711.2401123	1419.645508	
	711.2526855	1421.441101	
	724.7050781	1422.518311	
	724.329895	1419.82489	
END
		236	731.515	1419.713
	737.7359009	1420.007324	
	737.2741089	1418.441895	
	724.329895	1419.82489	
	724.7050781	1422.518311	
	737.7359009	1420.007324	
END
		233	779.507	1419.489
	783.4172974	1415.807129	
	775.5386963	1415.701294	
	775.5219116	1418.943115	
	775.6671143	1422.328125	
	783.3892822	1422.444275	
	783.4172974	1415.807129	
END
		234	786.073	1419.535
	788.651123	1416.024475	
	783.4172974	1415.807129	
	783.3892822	1422.444275	
	788.809082	1421.962891	
	788.651123	1416.024475	
END
		232	666.655	1420.846
	668.1243286	1420.173096	
	665.5374756	1418.837891	
	664.9976807	1420.637085	
	667.6959229	1422.41272	
	668.1243286	1420.173096	
END
		230	792.624	1419.36
	796.2941284	1416.341492	
	788.651123	1416.024475	
	788.809082	1421.962891	
	796.6353149	1421.267517	
	796.4639282	1418.707886	
	796.2941284	1416.341492	
END
		229	875.719	1418.078
	879.2091064	1418.095886	
	868.1146851	1413.197876	
	868.2368774	1415.913879	
	879.3632813	1421.886292	
	879.2091064	1418.095886	
END
		228	741.484	1420.729
	745.2050781	1421.461304	
	745.0234985	1419.28009	
	737.7359009	1420.007324	
	737.9622803	1421.859924	
	745.2050781	1421.461304	
END
		227	669.324	1419.725
	670.6240845	1418.2677	
	669.0239258	1417.300293	
	668.1243286	1420.173096	
	670.0725098	1421.61731	
	670.6240845	1418.2677	
END
		226	815.91	1417.883
	826.2330933	1415.806274	
	820.9058838	1413.236877	
	810.7279053	1418.227112	
	810.1942749	1421.508301	
	826.2330933	1415.806274	
END
		225	706.008	1420.13
	711.2401123	1419.645508	
	698.2692871	1418.449707	
	698.2789307	1419.817871	
	711.2526855	1421.441101	
	711.2401123	1419.645508	
END
		224	683.434	1417.236
	688.7020874	1419.384094	
	677.9708862	1411.865723	
	676.236084	1413.907715	
	687.5198975	1421.426086	
	688.7020874	1419.384094	
END
		222	762.973	1418.997
	765.4066772	1416.449524	
	760.3557129	1416.137878	
	760.5828857	1419.150879	
	760.7285156	1420.978699	
	765.3372803	1421.228699	
	765.3688965	1419.050293	
	765.4066772	1416.449524	
END
		220	695.428	1417.307
	698.2575073	1416.785095	
	690.4981079	1412.979492	
	690.1500854	1415.856873	
	698.2849121	1420.683472	
	698.2789307	1419.817871	
	698.2692871	1418.449707	
	698.2575073	1416.785095	
END
		219	664.175	1419.392
	665.5374756	1418.837891	
	663.6469116	1417.797119	
	662.9641113	1419.430481	
	664.9976807	1420.637085	
	665.5374756	1418.837891	
END
		217	835.763	1418.508
	845.4539185	1420.175903	
	845.5147095	1416.370911	
	826.0817261	1417.99353	
	825.960083	1419.751892	
	845.4539185	1420.175903	
END
		218	856.899	1417.242
	868.3450928	1418.317688	
	868.2368774	1415.913879	
	845.5147095	1416.370911	
	845.4539185	1420.175903	
	849.659729	1419.832703	
	868.3450928	1418.317688	
END
		216	667.23	1418.285
	669.0239258	1417.300293	
	666.649292	1415.864685	
	665.5374756	1418.837891	
	668.1243286	1420.173096	
	669.0239258	1417.300293	
END
		215	741.148	1418.733
	745.0234985	1419.28009	
	744.675293	1417.099121	
	737.2741089	1418.441895	
	737.7359009	1420.007324	
	745.0234985	1419.28009	
END
		212	717.402	1417.11
	723.1898804	1416.134094	
	722.4165039	1413.630493	
	711.3303223	1416.407471	
	711.2750854	1418.387878	
	711.2401123	1419.645508	
	724.329895	1419.82489	
	723.8726807	1418.119324	
	723.4368896	1416.934326	
	723.1898804	1416.134094	
END
		214	730.892	1417.935
	737.2741089	1418.441895	
	736.0012817	1415.512878	
	723.8726807	1418.119324	
	724.329895	1419.82489	
	737.2741089	1418.441895	
END
		210	704.772	1418.392
	711.2750854	1418.387878	
	698.2575073	1416.785095	
	698.2692871	1418.449707	
	711.2401123	1419.645508	
	711.2750854	1418.387878	
END
		209	666.898	1414.525
	674.4213257	1417.620483	
	658.7966919	1408.06012	
	657.6535034	1410.427124	
	659.2349243	1411.382874	
	661.2999268	1412.631104	
	663.0646973	1413.69812	
	664.9135132	1414.815491	
	666.649292	1415.864685	
	669.0239258	1417.300293	
	670.6240845	1418.2677	
	672.7780762	1419.569702	
	674.4213257	1417.620483	
END
		208	757.725	1418.001
	760.5828857	1419.150879	
	760.3557129	1416.137878	
	754.8834839	1417.546509	
	755.1759033	1419.454712	
	760.5828857	1419.150879	
END
		207	662.53	1418.244
	663.6469116	1417.797119	
	662.0994873	1416.724121	
	661.4852905	1418.595093	
	662.9641113	1419.430481	
	663.6469116	1417.797119	
END
		206	685.588	1414.991
	690.1500854	1415.856873	
	679.6101074	1409.359497	
	677.9708862	1411.865723	
	688.7020874	1419.384094	
	690.1500854	1415.856873	
END
		205	749.821	1417
	754.8834839	1417.546509	
	753.5523071	1414.076721	
	744.675293	1417.099121	
	745.0234985	1419.28009	
	754.8834839	1417.546509	
END
		204	770.46	1417.582
	775.5219116	1418.943115	
	775.5386963	1415.701294	
	765.4066772	1416.449524	
	765.3688965	1419.050293	
	775.5219116	1418.943115	
END
		203	665.075	1417.075
	666.649292	1415.864685	
	664.9135132	1414.815491	
	663.6469116	1417.797119	
	665.5374756	1418.837891	
	666.649292	1415.864685	
END
		202	802.023	1415.982
	807.6298828	1412.834717	
	796.1607056	1412.487305	
	796.2941284	1416.341492	
	796.4639282	1418.707886	
	807.7775269	1418.326477	
	807.6298828	1412.834717	
END
		200	660.856	1417.089
	662.0994873	1416.724121	
	660.272522	1415.157898	
	659.5402832	1416.924316	
	661.4852905	1418.595093	
	662.0994873	1416.724121	
END
		199	740.368	1416.218
	744.675293	1417.099121	
	743.6317139	1413.36792	
	736.0012817	1415.512878	
	737.2741089	1418.441895	
	744.675293	1417.099121	
END
		197	704.847	1416.628
	711.3303223	1416.407471	
	699.989502	1414.371704	
	698.2575073	1416.785095	
	711.2750854	1418.387878	
	711.3303223	1416.407471	
END
		196	812.955	1414.547
	820.9058838	1413.236877	
	807.6298828	1412.834717	
	807.7775269	1418.326477	
	810.7279053	1418.227112	
	820.9058838	1413.236877	
END
		195	728.812	1415.986
	736.0012817	1415.512878	
	735.5283203	1413.251709	
	723.1898804	1416.134094	
	723.4368896	1416.934326	
	723.8726807	1418.119324	
	736.0012817	1415.512878	
END
		194	874.556	1414.664
	879.0957031	1415.307922	
	867.9827271	1410.264893	
	868.1146851	1413.197876	
	879.2091064	1418.095886	
	879.0957031	1415.307922	
END
		193	835.867	1415.815
	845.5147095	1416.370911	
	845.4318848	1413.022705	
	826.2330933	1415.806274	
	826.0817261	1417.99353	
	845.5147095	1416.370911	
END
		192	663.37	1416.001
	664.9135132	1414.815491	
	663.0646973	1413.69812	
	662.0994873	1416.724121	
	663.6469116	1417.797119	
	664.9135132	1414.815491	
END
		191	668.64	1412.861
	675.237915	1415.949707	
	661.5490723	1406.760681	
	658.7966919	1408.06012	
	674.4213257	1417.620483	
	675.237915	1415.949707	
END
		190	757.103	1415.244
	760.3557129	1416.137878	
	759.7103271	1412.293884	
	753.5523071	1414.076721	
	754.8834839	1417.546509	
	760.3557129	1416.137878	
END
		189	748.088	1414.531
	753.5523071	1414.076721	
	743.6317139	1413.36792	
	744.675293	1417.099121	
	753.5523071	1414.076721	
END
		187	659.264	1415.282
	660.272522	1415.157898	
	658.5097046	1413.177673	
	657.8676758	1414.696716	
	659.5402832	1416.924316	
	660.272522	1415.157898	
END
		186	696.079	1414.1
	699.989502	1414.371704	
	691.5863037	1410.658875	
	690.4981079	1412.979492	
	698.2575073	1416.785095	
	699.989502	1414.371704	
END
		185	661.518	1414.93
	663.0646973	1413.69812	
	661.2999268	1412.631104	
	660.272522	1415.157898	
	662.0994873	1416.724121	
	663.0646973	1413.69812	
END
		183	762.679	1414.628
	765.0690918	1412.397705	
	759.7103271	1412.293884	
	760.3557129	1416.137878	
	765.4066772	1416.449524	
	765.0690918	1412.397705	
END
		184	770.369	1413.854
	775.5386963	1415.701294	
	775.5654907	1410.52771	
	765.0690918	1412.397705	
	765.4066772	1416.449524	
	775.5386963	1415.701294	
END
		181	707.394	1415.027
	711.3859253	1415.066895	
	700.5338745	1413.257874	
	699.989502	1414.371704	
	711.3303223	1416.407471	
	711.3859253	1415.066895	
END
		182	716.536	1414.364
	722.4165039	1413.630493	
	721.7799072	1411.745117	
	711.3859253	1415.066895	
	711.3303223	1416.407471	
	722.4165039	1413.630493	
END
		180	856.835	1414.903
	868.1146851	1413.197876	
	845.4318848	1413.022705	
	845.5147095	1416.370911	
	868.2368774	1415.913879	
	868.1146851	1413.197876	
END
		179	792.408	1414.229
	796.1607056	1412.487305	
	788.5092773	1411.521729	
	788.651123	1416.024475	
	796.2941284	1416.341492	
	796.1607056	1412.487305	
END
		177	728.276	1413.602
	735.5283203	1413.251709	
	734.9229126	1410.3573	
	722.4165039	1413.630493	
	723.1898804	1416.134094	
	735.5283203	1413.251709	
END
		176	883.27	1411.588
	886.8643188	1410.378479	
	878.711731	1405.867676	
	878.8308716	1408.800903	
	878.9210815	1411.019897	
	886.4263306	1416.051514	
	886.550293	1414.446472	
	886.8643188	1410.378479	
END
		175	786.003	1413.771
	788.5092773	1411.521729	
	783.4379272	1410.881714	
	783.4172974	1415.807129	
	788.651123	1416.024475	
	788.5092773	1411.521729	
END
		174	670.171	1411.126
	676.236084	1413.907715	
	663.5239258	1404.942871	
	661.5490723	1406.760681	
	675.237915	1415.949707	
	676.236084	1413.907715	
END
		173	686.513	1412.074
	690.4981079	1412.979492	
	681.0678711	1407.22467	
	679.6101074	1409.359497	
	690.1500854	1415.856873	
	690.4981079	1412.979492	
END
		172	779.489	1413.493
	783.4379272	1410.881714	
	775.5654907	1410.52771	
	775.5386963	1415.701294	
	783.4172974	1415.807129	
	783.4379272	1410.881714	
END
		170	824.435	1414.013
	826.2330933	1415.806274	
	826.5076904	1411.715515	
	820.9058838	1413.236877	
	826.2330933	1415.806274	
END
		171	832.476	1414.013
	845.4318848	1413.022705	
	826.5076904	1411.715515	
	826.2330933	1415.806274	
	845.4318848	1413.022705	
END
		169	739.371	1413.5
	743.6317139	1413.36792	
	752.3411255	1410.919495	
	735.5283203	1413.251709	
	736.0012817	1415.512878	
	743.6317139	1413.36792	
END
		168	874.357	1412.126
	879.0112915	1413.236694	
	867.8828735	1408.048706	
	867.9827271	1410.264893	
	879.0957031	1415.307922	
	879.0112915	1413.236694	
END
		167	659.872	1413.503
	661.2999268	1412.631104	
	659.2349243	1411.382874	
	658.5097046	1413.177673	
	660.272522	1415.157898	
	661.2999268	1412.631104	
END
		166	657.697	1413.306
	658.5097046	1413.177673	
	657.2722778	1411.524902	
	656.7512817	1413.025879	
	657.8676758	1414.696716	
	658.5097046	1413.177673	
END
		165	696.512	1412.094
	700.5338745	1413.257874	
	692.3123169	1409.173889	
	691.5863037	1410.658875	
	699.989502	1414.371704	
	700.5338745	1413.257874	
END
		163	749.527	1412.693
	753.5523071	1414.076721	
	752.3411255	1410.919495	
	743.6317139	1413.36792	
	753.5523071	1414.076721	
END
		164	756.12	1411.777
	759.7103271	1412.293884	
	759.2871094	1410.735291	
	752.3411255	1410.919495	
	753.5523071	1414.076721	
	759.7103271	1412.293884	
END
		162	671.842	1409.189
	669.878479	1406.21228	
	665.4818726	1403.140686	
	663.5239258	1404.942871	
	676.236084	1413.907715	
	677.9708862	1411.865723	
	669.878479	1406.21228	
END
		161	887.185	1409.091
	893.8009033	1411.268921	
	878.5916748	1402.921082	
	878.711731	1405.867676	
	886.8643188	1410.378479	
	892.8074951	1413.904724	
	893.8009033	1411.268921	
END
		160	729.168	1410.653
	734.9229126	1410.3573	
	734.1862793	1406.835876	
	721.7799072	1411.745117	
	722.4165039	1413.630493	
	734.9229126	1410.3573	
END
		159	742.775	1411.181
	752.3411255	1410.919495	
	751.1569214	1408.527283	
	734.9229126	1410.3573	
	735.5283203	1413.251709	
	752.3411255	1410.919495	
END
		157	808.483	1411.125
	820.8712769	1408.720276	
	795.9058838	1408.418274	
	796.1607056	1412.487305	
	807.6298828	1412.834717	
	820.9058838	1413.236877	
	820.8712769	1408.720276	
END
		158	823.748	1410.128
	826.7041016	1408.790894	
	820.8712769	1408.720276	
	820.9058838	1413.236877	
	826.5076904	1411.715515	
	826.6154785	1410.111694	
	826.7041016	1408.790894	
END
		156	874.595	1410.117
	878.9210815	1411.019897	
	867.7958984	1406.118103	
	867.8828735	1408.048706	
	879.0112915	1413.236694	
	878.9210815	1411.019897	
END
		155	856.749	1411.912
	868.1146851	1413.197876	
	867.9827271	1410.264893	
	845.4533081	1410.339722	
	845.4318848	1413.022705	
	868.1146851	1413.197876	
END
		154	658.302	1411.972
	659.2349243	1411.382874	
	657.6535034	1410.427124	
	657.2722778	1411.524902	
	658.5097046	1413.177673	
	659.2349243	1411.382874	
END
		153	656.446	1411.77
	657.2722778	1411.524902	
	655.7440796	1410.161316	
	655.3587036	1411.355103	
	656.7512817	1413.025879	
	657.2722778	1411.524902	
END
		152	836.202	1411.747
	845.4533081	1410.339722	
	826.6154785	1410.111694	
	826.5076904	1411.715515	
	845.4318848	1413.022705	
	845.4533081	1410.339722	
END
		151	687.634	1409.806
	691.5863037	1410.658875	
	682.2540894	1405.739685	
	681.0678711	1407.22467	
	690.4981079	1412.979492	
	691.5863037	1410.658875	
END
		150	792.201	1409.443
	795.9058838	1408.418274	
	795.725708	1405.54071	
	788.4210815	1409.170715	
	788.5092773	1411.521729	
	796.1607056	1412.487305	
	795.9058838	1408.418274	
END
		148	762.204	1410.804
	765.0690918	1412.397705	
	765.1463013	1408.761292	
	759.2871094	1410.735291	
	759.7103271	1412.293884	
	765.0690918	1412.397705	
END
		149	770.2	1410.576
	775.5654907	1410.52771	
	775.4464722	1408.241882	
	765.1463013	1408.761292	
	765.0690918	1412.397705	
	775.5654907	1410.52771	
END
		147	675.423	1408.164
	679.6101074	1409.359497	
	672.4801025	1403.419128	
	669.878479	1406.21228	
	677.9708862	1411.865723	
	679.6101074	1409.359497	
END
		146	656.723	1410.301
	657.6535034	1410.427124	
	656.2055054	1408.731873	
	655.7440796	1410.161316	
	657.2722778	1411.524902	
	657.6535034	1410.427124	
END
		145	785.934	1409.219
	788.4210815	1409.170715	
	788.3120728	1406.267883	
	783.4564819	1406.478516	
	783.4379272	1410.881714	
	788.5092773	1411.521729	
	788.4210815	1409.170715	
END
		144	655.149	1410.192
	655.6256714	1410.055725	
	654.3621216	1408.701111	
	653.963501	1409.31311	
	655.3587036	1411.355103	
	655.7440796	1410.161316	
	655.6256714	1410.055725	
END
		143	874.369	1407.932
	878.8308716	1408.800903	
	867.6992798	1403.973328	
	867.7958984	1406.118103	
	878.9210815	1411.019897	
	878.8308716	1408.800903	
END
		142	755.406	1409.832
	759.2871094	1410.735291	
	758.5811157	1408.438721	
	751.1569214	1408.527283	
	752.3411255	1410.919495	
	759.2871094	1410.735291	
END
		141	779.465	1408.951
	783.4564819	1406.478516	
	783.3679199	1406.475708	
	775.4464722	1408.241882	
	775.5654907	1410.52771	
	783.4379272	1410.881714	
	783.4564819	1406.478516	
END
		140	761.631	1407.447
	764.8182983	1406.060303	
	757.8182983	1405.957092	
	758.5811157	1408.438721	
	759.2871094	1410.735291	
	765.1463013	1408.761292	
	764.9692993	1407.303528	
	764.8182983	1406.060303	
END
		139	688.321	1407.992
	692.3123169	1409.173889	
	683.7578735	1404.57373	
	682.2540894	1405.739685	
	691.5863037	1410.658875	
	692.3123169	1409.173889	
END
		138	654.845	1404.996
	658.7966919	1408.06012	
	651.8587036	1398.035522	
	649.7636719	1401.191528	
	653.708313	1405.808899	
	655.1480713	1407.494507	
	656.2055054	1408.731873	
	657.6535034	1410.427124	
	658.7966919	1408.06012	
END
		137	739.808	1407.934
	739.2346802	1407.339111	
	734.1862793	1406.835876	
	734.9229126	1410.3573	
	751.1569214	1408.527283	
	744.2772827	1407.841492	
	739.2346802	1407.339111	
END
		135	836.43	1408.764
	845.4533081	1410.339722	
	845.4714966	1408.049683	
	826.7041016	1408.790894	
	826.6154785	1410.111694	
	845.4533081	1410.339722	
END
		136	856.692	1408.866
	867.8828735	1408.048706	
	845.4801025	1406.977295	
	845.4714966	1408.049683	
	845.4533081	1410.339722	
	867.9827271	1410.264893	
	867.8828735	1408.048706	
END
		134	655.378	1408.992
	656.2055054	1408.731873	
	655.1480713	1407.494507	
	654.3621216	1408.701111	
	655.6256714	1410.055725	
	655.7440796	1410.161316	
	656.2055054	1408.731873	
END
		133	677.748	1406.186
	681.0678711	1407.22467	
	674.3118896	1402.11969	
	672.4801025	1403.419128	
	679.6101074	1409.359497	
	681.0678711	1407.22467	
END
		132	653.376	1408.397
	654.3270874	1408.66333	
	652.8400879	1407.223328	
	652.2979126	1408.106506	
	653.963501	1409.31311	
	654.3621216	1408.701111	
	654.3270874	1408.66333	
END
		131	790.888	1406.672
	788.4210815	1409.170715	
	795.725708	1405.54071	
	788.3120728	1406.267883	
	788.4210815	1409.170715	
END
		130	875.085	1405.747
	878.711731	1405.867676	
	867.6030884	1401.833923	
	867.6992798	1403.973328	
	878.8308716	1408.800903	
	878.711731	1405.867676	
END
		128	811.32	1407.366
	804.1763306	1405.748474	
	795.725708	1405.54071	
	795.9058838	1408.418274	
	820.8712769	1408.720276	
	826.7041016	1408.790894	
	826.8668823	1406.366089	
	804.1763306	1405.748474	
END
		129	836.132	1407.527
	845.4801025	1406.977295	
	845.4887085	1405.906128	
	826.8668823	1406.366089	
	826.7041016	1408.790894	
	845.4714966	1408.049683	
	845.4801025	1406.977295	
END
		127	770.24	1407.851
	775.4464722	1408.241882	
	775.4354858	1406.683716	
	764.9692993	1407.303528	
	765.1463013	1408.761292	
	775.4464722	1408.241882	
END
		126	654.077	1407.433
	655.1480713	1407.494507	
	653.708313	1405.808899	
	652.8400879	1407.223328	
	654.3270874	1408.66333	
	654.3621216	1408.701111	
	655.1480713	1407.494507	
END
		124	747.215	1407.161
	749.8267212	1405.839294	
	743.1038818	1405.410522	
	744.2772827	1407.841492	
	751.1569214	1408.527283	
	749.8267212	1405.839294	
END
		125	754.41	1407.349
	757.8182983	1405.957092	
	749.8267212	1405.839294	
	751.1569214	1408.527283	
	758.5811157	1408.438721	
	757.8182983	1405.957092	
END
		123	778.168	1407.026
	775.4464722	1408.241882	
	783.3679199	1406.475708	
	775.4354858	1406.683716	
	775.4464722	1408.241882	
END
		121	651.65	1405.076
	653.708313	1405.808899	
	649.7636719	1401.191528	
	648.7634888	1402.955078	
	652.2979126	1408.106506	
	652.8400879	1407.223328	
	653.708313	1405.808899	
END
		120	657.003	1403.178
	661.5490723	1406.760681	
	653.4157104	1396.921692	
	651.8587036	1398.035522	
	658.7966919	1408.06012	
	661.5490723	1406.760681	
END
		119	856.643	1406.201
	867.7958984	1406.118103	
	845.505127	1403.832886	
	845.4887085	1405.906128	
	845.4801025	1406.977295	
	867.8828735	1408.048706	
	867.7958984	1406.118103	
END
		118	740.72	1404.325
	743.1038818	1405.410522	
	740.4049072	1399.818481	
	738.3361206	1400.103271	
	739.2346802	1407.339111	
	744.2772827	1407.841492	
	743.1038818	1405.410522	
END
		117	736.234	1404.168
	739.2346802	1407.339111	
	738.3361206	1400.103271	
	736.4180908	1400.36731	
	732.9334717	1400.846924	
	734.1862793	1406.835876	
	739.2346802	1407.339111	
END
		116	770.115	1406.394
	775.4354858	1406.683716	
	775.1160889	1405.229126	
	764.8182983	1406.060303	
	764.9692993	1407.303528	
	775.4354858	1406.683716	
END
		115	678.909	1404.418
	682.2540894	1405.739685	
	675.5914917	1400.820313	
	674.3118896	1402.11969	
	681.0678711	1407.22467	
	682.2540894	1405.739685	
END
		112	660.288	1401.025
	665.4818726	1403.140686	
	657.8115234	1393.673096	
	655.3370972	1395.251099	
	653.4157104	1396.921692	
	661.5490723	1406.760681	
	663.5239258	1404.942871	
	665.4818726	1403.140686	
END
		111	779.325	1405.567
	775.4354858	1406.683716	
	783.3679199	1406.475708	
	783.4564819	1406.478516	
	783.4664917	1404.136475	
	775.1160889	1405.229126	
	775.4354858	1406.683716	
END
		110	785.873	1405.311
	788.3120728	1406.267883	
	788.2423096	1403.815308	
	783.4664917	1404.136475	
	783.4564819	1406.478516	
	788.3120728	1406.267883	
END
		108	815.541	1405.499
	826.9389038	1405.296692	
	804.0651245	1404.387878	
	804.1763306	1405.748474	
	826.8668823	1406.366089	
	826.9389038	1405.296692	
END
		109	836.218	1405.256
	845.4887085	1405.906128	
	845.505127	1403.832886	
	827.0300903	1403.938293	
	826.9389038	1405.296692	
	826.8668823	1406.366089	
	845.4887085	1405.906128	
END
		107	791.964	1404.911
	795.725708	1405.54071	
	795.4578857	1403.173096	
	788.2423096	1403.815308	
	788.3120728	1406.267883	
	795.725708	1405.54071	
END
		106	669.065	1403.324
	672.4801025	1403.419128	
	668.6707153	1399.623291	
	666.2207031	1402.326111	
	665.4818726	1403.140686	
	669.878479	1406.21228	
	672.4801025	1403.419128	
END
		665	859.357	1404.396
	867.6992798	1403.973328	
	845.5183105	1402.188721	
	845.505127	1403.832886	
	867.7958984	1406.118103	
	867.6992798	1403.973328	
END
		105	643.807	1397.871
	648.7634888	1402.955078	
	641.3825073	1387.547119	
	638.3847046	1393.209106	
	646.2988892	1405.925293	
	648.7634888	1402.955078	
END
		664	875.011	1403.219
	878.5916748	1402.921082	
	867.5126953	1399.824097	
	867.6030884	1401.833923	
	878.711731	1405.867676	
	878.5916748	1402.921082	
END
		103	745.101	1402.837
	749.8267212	1405.839294	
	746.4359131	1398.988525	
	740.4049072	1399.818481	
	743.1038818	1405.410522	
	749.8267212	1405.839294	
END
		101	799.784	1403.916
	803.9447021	1402.912903	
	803.8348999	1401.567078	
	795.4578857	1403.173096	
	795.725708	1405.54071	
	804.1763306	1405.748474	
	804.0651245	1404.387878	
	803.9447021	1402.912903	
END
		100	679.962	1402.973
	683.7578735	1404.57373	
	676.2260742	1399.427917	
	675.5914917	1400.820313	
	682.2540894	1405.739685	
	683.7578735	1404.57373	
END
		99	815.531	1404.252
	827.0300903	1403.938293	
	803.9447021	1402.912903	
	804.0651245	1404.387878	
	826.9389038	1405.296692	
	827.0300903	1403.938293	
END
		97	857.929	1402.407
	867.6030884	1401.833923	
	845.5324707	1400.399109	
	845.5183105	1402.188721	
	867.6992798	1403.973328	
	867.6030884	1401.833923	
END
		95	819.938	1402.521
	827.0300903	1403.938293	
	827.1682739	1401.878479	
	821.3905029	1402.135681	
	803.9447021	1402.912903	
	827.0300903	1403.938293	
END
		96	836.35	1401.726
	845.5324707	1400.399109	
	845.5446777	1398.890503	
	827.289917	1400.068115	
	827.1682739	1401.878479	
	827.0300903	1403.938293	
	845.505127	1403.832886	
	845.5183105	1402.188721	
	845.5324707	1400.399109	
END
		94	668.307	1397.846
	669.0429077	1397.149292	
	662.2091064	1390.702881	
	660.7432861	1391.723877	
	668.6724854	1399.621277	
	672.4801025	1403.419128	
	674.3118896	1402.11969	
	669.0429077	1397.149292	
END
		91	660.849	1395.283
	666.218689	1402.32251	
	660.7432861	1391.723877	
	659.0023193	1392.837708	
	657.8115234	1393.673096	
	665.4818726	1403.140686	
	666.2207031	1402.326111	
	666.218689	1402.32251	
END
		90	646.024	1395.348
	649.7636719	1401.191528	
	642.1973267	1385.5979	
	641.3825073	1387.547119	
	648.7634888	1402.955078	
	649.7636719	1401.191528	
END
		89	812.614	1401.713
	821.3905029	1402.135681	
	821.3447266	1400.175293	
	803.8348999	1401.567078	
	803.9447021	1402.912903	
	821.3905029	1402.135681	
END
		88	665.27	1397.679
	668.6707153	1399.623291	
	660.7432861	1391.723877	
	666.218689	1402.32251	
	666.2207031	1402.326111	
	668.6707153	1399.623291	
END
		87	824.291	1401.23
	827.1682739	1401.878479	
	827.289917	1400.068115	
	821.3447266	1400.175293	
	821.3905029	1402.135681	
	827.1682739	1401.878479	
END
		86	672.375	1399.028
	675.5914917	1400.820313	
	669.5673218	1395.065308	
	669.0429077	1397.149292	
	674.3118896	1402.11969	
	675.5914917	1400.820313	
END
		663	857.653	1400.544
	867.5126953	1399.824097	
	845.5446777	1398.890503	
	845.5324707	1400.399109	
	867.6030884	1401.833923	
	867.5126953	1399.824097	
END
		84	726.377	1386.733
	729.5206909	1389.174316	
	722.9470825	1367.863525	
	718.7003174	1368.770691	
	728.5128784	1401.455322	
	732.9334717	1400.846924	
	729.5206909	1389.174316	
END
		82	647.676	1393.869
	651.8587036	1398.035522	
	643.0178833	1384.484131	
	642.1973267	1385.5979	
	649.7636719	1401.191528	
	651.8587036	1398.035522	
END
		81	732.982	1395.525
	736.4180908	1400.36731	
	732.0065308	1388.703308	
	729.5206909	1389.174316	
	732.9334717	1400.846924	
	736.4180908	1400.36731	
END
		79	673.689	1397.769
	676.2260742	1399.427917	
	672.0443115	1393.858887	
	669.5673218	1395.065308	
	675.5914917	1400.820313	
	676.2260742	1399.427917	
END
		662	736.314	1394.985
	740.4049072	1399.818481	
	735.1624756	1388.086304	
	732.0065308	1388.703308	
	736.4180908	1400.36731	
	738.3361206	1400.103271	
	740.4049072	1399.818481	
END
		78	736.533	1385.22
	746.4359131	1398.988525	
	729.2857056	1366.509521	
	725.8884888	1367.23468	
	735.1624756	1388.086304	
	740.4049072	1399.818481	
	746.4359131	1398.988525	
END
		74	648.697	1391.405
	653.4157104	1396.921692	
	644.3875122	1382.906128	
	643.0178833	1384.484131	
	651.8587036	1398.035522	
	653.4157104	1396.921692	
END
		72	666.823	1393.754
	669.5673218	1395.065308	
	663.6727295	1389.403503	
	662.2091064	1390.702881	
	669.0429077	1397.149292	
	669.5673218	1395.065308	
END
		70	650.421	1389.965
	655.3370972	1395.251099	
	646.1234741	1381.049683	
	644.3875122	1382.906128	
	653.4157104	1396.921692	
	655.3370972	1395.251099	
END
		69	652.513	1388.335
	657.8115234	1393.673096	
	648.1375122	1379.47168	
	646.1234741	1381.049683	
	655.3370972	1395.251099	
	657.8115234	1393.673096	
END
		67	666.469	1390.794
	669.5673218	1395.065308	
	665.5770874	1385.319275	
	663.6727295	1389.403503	
	669.5673218	1395.065308	
END
		68	669.121	1389.899
	672.0443115	1393.858887	
	668.6925049	1383.277283	
	665.5770874	1385.319275	
	669.5673218	1395.065308	
	672.0443115	1393.858887	
END
		65	654.206	1386.635
	659.0023193	1392.837708	
	650.1497192	1377.615479	
	648.1375122	1379.47168	
	657.8115234	1393.673096	
	659.0023193	1392.837708	
END
		661	637.127	1387.523
	634.059082	1380.307129	
	633.9960938	1380.236084	
	631.7078857	1386.293884	
	638.3847046	1393.209106	
	641.3825073	1387.547119	
	634.059082	1380.307129	
END
		63	655.942	1385.393
	660.7432861	1391.723877	
	651.8862915	1375.851929	
	650.1497192	1377.615479	
	659.0023193	1392.837708	
	660.7432861	1391.723877	
END
		62	657.518	1384.198
	654.336731	1376.923889	
	652.9816895	1374.552307	
	651.8862915	1375.851929	
	660.7432861	1391.723877	
	662.2091064	1390.702881	
	658.4196777	1384.070496	
	654.336731	1376.923889	
END
		660	661.319	1387.796
	663.6727295	1389.403503	
	658.4196777	1384.070496	
	662.2091064	1390.702881	
	663.6727295	1389.403503	
END
		61	661.646	1384.676
	665.5770874	1385.319275	
	659.9420776	1382.534912	
	658.4196777	1384.070496	
	663.6727295	1389.403503	
	665.5770874	1385.319275	
END
		58	728.962	1379.559
	735.1624756	1388.086304	
	725.8884888	1367.23468	
	722.9470825	1367.863525	
	729.5206909	1389.174316	
	732.0065308	1388.703308	
	735.1624756	1388.086304	
END
		659	638.875	1383.854
	642.1973267	1385.5979	
	634.4172974	1379.120728	
	633.9960938	1380.236084	
	634.059082	1380.307129	
	641.3825073	1387.547119	
	642.1973267	1385.5979	
END
		57	625.782	1375.09
	621.2510986	1365.900085	
	616.6557007	1360.731079	
	614.9072876	1366.616272	
	631.7078857	1386.293884	
	633.9960938	1380.236084	
	631.1738892	1377.061523	
	625.1730957	1370.31189	
	621.2510986	1365.900085	
END
		55	639.247	1382.218
	635.3312988	1377.940308	
	635.2799072	1377.886292	
	634.4172974	1379.120728	
	642.1973267	1385.5979	
	643.0178833	1384.484131	
	635.3312988	1377.940308	
END
		658	662.718	1383.109
	665.5770874	1385.319275	
	662.736084	1380.2771	
	661.9671021	1380.898499	
	659.9420776	1382.534912	
	665.5770874	1385.319275	
END
		53	664.315	1380.145
	665.5770874	1385.319275	
	665.800293	1377.801086	
	663.6065063	1379.57373	
	662.736084	1380.2771	
	665.5770874	1385.319275	
END
		54	666.853	1382.024
	668.6925049	1383.277283	
	665.800293	1377.801086	
	665.5770874	1385.319275	
	668.6925049	1383.277283	
END
		51	640.06	1380.233
	644.3875122	1382.906128	
	637.4260864	1374.784302	
	636.1453247	1376.635681	
	635.2799072	1377.886292	
	635.3312988	1377.940308	
	643.0178833	1384.484131	
	644.3875122	1382.906128	
END
		50	657.547	1380.102
	659.9420776	1382.534912	
	656.8513184	1375.016479	
	654.336731	1376.923889	
	658.4196777	1384.070496	
	659.9420776	1382.534912	
END
		647	642.376	1378.614
	646.1234741	1381.049683	
	639.3474731	1373.113708	
	637.4260864	1374.784302	
	644.3875122	1382.906128	
	646.1234741	1381.049683	
END
		49	659.556	1379.24
	661.9671021	1380.898499	
	656.8513184	1375.016479	
	659.9420776	1382.534912	
	661.9671021	1380.898499	
END
		656	644.045	1376.351
	648.1375122	1379.47168	
	641.8134766	1370.329102	
	639.3474731	1373.113708	
	646.1234741	1381.049683	
	648.1375122	1379.47168	
END
		47	660.613	1377.754
	663.6065063	1379.57373	
	658.4204712	1373.723328	
	656.8513184	1375.016479	
	661.9671021	1380.898499	
	662.736084	1380.2771	
	663.6065063	1379.57373	
END
		45	633.042	1378.376
	634.4172974	1379.120728	
	631.5772705	1375.99231	
	631.1738892	1377.061523	
	633.9960938	1380.236084	
	634.4172974	1379.120728	
END
		44	662.607	1376.519
	665.800293	1377.801086	
	659.7800903	1372.603088	
	658.4204712	1373.723328	
	663.6065063	1379.57373	
	665.800293	1377.801086	
END
		43	646.446	1374.851
	650.1497192	1377.615479	
	643.2393188	1368.928101	
	641.8134766	1370.329102	
	648.1375122	1379.47168	
	650.1497192	1377.615479	
END
		42	633.578	1377.122
	635.2799072	1377.886292	
	632.1176758	1374.559875	
	631.5772705	1375.99231	
	634.4172974	1379.120728	
	635.2799072	1377.886292	
END
		40	634.324	1375.827
	636.1453247	1376.635681	
	632.6461182	1373.18811	
	632.1176758	1374.559875	
	635.2799072	1377.886292	
	636.1453247	1376.635681	
END
		655	648.108	1373.202
	651.8862915	1375.851929	
	644.647522	1367.544495	
	643.2393188	1368.928101	
	650.1497192	1377.615479	
	651.8862915	1375.851929	
END
		39	628.832	1373.678
	631.5772705	1375.99231	
	625.6013184	1369.341309	
	625.1730957	1370.31189	
	631.1738892	1377.061523	
	631.5772705	1375.99231	
END
		38	655.039	1375.003
	656.8513184	1375.016479	
	654.802124	1372.540283	
	652.9816895	1374.552307	
	654.336731	1376.923889	
	656.8513184	1375.016479	
END
		35	632.768	1371.728
	637.4260864	1374.784302	
	627.9915161	1365.439087	
	626.6954956	1367.268311	
	632.6461182	1373.18811	
	636.1453247	1376.635681	
	637.4260864	1374.784302	
END
		34	629.357	1372.566
	632.1176758	1374.559875	
	626.0258789	1368.174316	
	625.6013184	1369.341309	
	631.5772705	1375.99231	
	632.1176758	1374.559875	
END
		32	649.449	1371.296
	652.9816895	1374.552307	
	647.3942871	1365.456116	
	644.647522	1367.544495	
	651.8862915	1375.851929	
	652.9816895	1374.552307	
END
		654	654.78	1369.809
	659.7800903	1372.603088	
	650.4157104	1363.135498	
	649.3170776	1363.970886	
	648.4022827	1364.806274	
	654.802124	1372.540283	
	656.8513184	1375.016479	
	658.4204712	1373.723328	
	659.7800903	1372.603088	
END
		30	634.246	1369.495
	639.3474731	1373.113708	
	630.8961182	1362.716492	
	630.8391113	1362.768494	
	628.0546875	1365.360107	
	627.9915161	1365.439087	
	637.4260864	1374.784302	
	639.3474731	1373.113708	
END
		653	629.941	1371.364
	632.6461182	1373.18811	
	626.6954956	1367.268311	
	626.0258789	1368.174316	
	632.1176758	1374.559875	
	632.6461182	1373.18811	
END
		29	651.645	1370.281
	654.802124	1372.540283	
	648.4022827	1364.806274	
	647.3942871	1365.456116	
	652.9816895	1374.552307	
	654.802124	1372.540283	
END
		27	637.087	1367.311
	641.8134766	1370.329102	
	633.9489136	1359.873901	
	630.8961182	1362.716492	
	639.3474731	1373.113708	
	641.8134766	1370.329102	
END
		26	639.946	1364.597
	644.647522	1367.544495	
	636.7600708	1357.251099	
	633.9489136	1359.873901	
	641.8134766	1370.329102	
	643.2393188	1368.928101	
	644.647522	1367.544495	
END
		652	623.708	1367.939
	625.6013184	1369.341309	
	621.640686	1364.898071	
	621.2510986	1365.900085	
	625.1730957	1370.31189	
	625.6013184	1369.341309	
END
		25	624.125	1366.834
	626.0258789	1368.174316	
	622.1486816	1363.620117	
	621.640686	1364.898071	
	625.6013184	1369.341309	
	626.0258789	1368.174316	
END
		24	624.608	1365.653
	626.6954956	1367.268311	
	622.6204834	1362.421082	
	622.1486816	1363.620117	
	626.0258789	1368.174316	
	626.6954956	1367.268311	
END
		22	642.593	1362.229
	647.3942871	1365.456116	
	638.7373047	1355.417114	
	638.6906738	1355.460327	
	636.7600708	1357.251099	
	644.647522	1367.544495	
	647.3942871	1365.456116	
END
		21	624.006	1362.245
	627.9915161	1365.439087	
	620.5753174	1355.806885	
	618.4052734	1357.406921	
	622.6204834	1362.421082	
	626.6954956	1367.268311	
	627.9915161	1365.439087	
END
		20	619.457	1363.163
	621.640686	1364.898071	
	616.9755249	1359.654907	
	616.6557007	1360.731079	
	621.2510986	1365.900085	
	621.640686	1364.898071	
END
		19	644.078	1360.624
	648.4022827	1364.806274	
	639.7852783	1354.429871	
	638.7373047	1355.417114	
	647.3942871	1365.456116	
	648.4022827	1364.806274	
END
		651	626.362	1360.219
	630.8961182	1362.716492	
	623.0076904	1353.528687	
	620.5753174	1355.806885	
	627.9915161	1365.439087	
	628.0546875	1365.360107	
	630.8391113	1362.768494	
	630.8961182	1362.716492	
END
		17	619.799	1361.866
	622.0950928	1363.556091	
	617.3435059	1357.980103	
	616.9755249	1359.654907	
	621.640686	1364.898071	
	622.1486816	1363.620117	
	622.0950928	1363.556091	
END
		15	645.127	1359.823
	649.3170776	1363.970886	
	640.8657227	1353.435913	
	639.7852783	1354.429871	
	648.4022827	1364.806274	
	649.3170776	1363.970886	
END
		14	646.153	1359.354
	650.4157104	1363.135498	
	640.8657227	1353.435913	
	649.3170776	1363.970886	
	650.4157104	1363.135498	
END
		13	620.584	1360.897
	622.6204834	1362.421082	
	618.4052734	1357.406921	
	617.3435059	1357.980103	
	622.0950928	1363.556091	
	622.1486816	1363.620117	
	622.6204834	1362.421082	
END
		12	644.746	1355.342
	650.4157104	1363.135498	
	645.0886841	1351.811707	
	641.9639282	1353.013672	
	640.8657227	1353.435913	
	650.4157104	1363.135498	
END
		10	629.125	1357.469
	633.9146729	1359.840515	
	626.0258789	1350.74408	
	623.0076904	1353.528687	
	630.8961182	1362.716492	
	633.9489136	1359.873901	
	633.9146729	1359.840515	
END
		8	632.179	1354.856
	636.7600708	1357.251099	
	629.4157104	1348.423706	
	626.0258789	1350.74408	
	633.9146729	1359.840515	
	633.9489136	1359.873901	
	636.7600708	1357.251099	
END
		7	634.6	1352.481
	638.7373047	1355.417114	
	631.5562744	1346.36792	
	629.4157104	1348.423706	
	636.7600708	1357.251099	
	638.6906738	1355.460327	
	638.7373047	1355.417114	
END
		650	636.158	1350.928
	639.7852783	1354.429871	
	632.7987061	1345.17511	
	631.5562744	1346.36792	
	638.7373047	1355.417114	
	639.7852783	1354.429871	
END
		6	637.667	1350.374
	634.9172974	1345.360718	
	632.7987061	1345.17511	
	639.7852783	1354.429871	
	640.8657227	1353.435913	
	634.9172974	1345.360718	
END
		5	638.726	1349.693
	640.0894775	1350.620911	
	635.5582886	1344.896729	
	634.9172974	1345.360718	
	640.8657227	1353.435913	
	641.9639282	1353.013672	
	640.0894775	1350.620911	
END
		4	642.375	1350.819
	645.0886841	1351.811707	
	642.852478	1348.006104	
	640.0894775	1350.620911	
	641.9639282	1353.013672	
	645.0886841	1351.811707	
END
		2	639.518	1346.831
	642.852478	1348.006104	
	638.2072754	1341.9729	
	635.5582886	1344.896729	
	640.0894775	1350.620911	
	642.852478	1348.006104	
END
END
