         1      2923.3222656      2084.7429199
      2917.0759277      2079.6772461
      2926.8261719      2089.6940918
      2929.4162598      2089.6560059
      2918.4470215      2078.3823242
      2917.0759277      2079.6772461
END
         2      2924.6933594      2074.7641602
      2929.4162598      2089.6560059
      2930.1779785      2087.5612793
      2934.9006348      2073.7739258
      2918.2946777      2068.0227051
      2915.5524902      2071.3361816
      2913.7243652      2073.4692383
      2918.4470215      2078.3823242
      2929.4162598      2089.6560059
END
         3      2936.2717285      2087.4851074
      2929.4162598      2089.6560059
      2942.2133789      2087.4470215
      2942.0610352      2084.7048340
      2930.1779785      2087.5612793
      2929.4162598      2089.6560059
END
         4      2937.0334473      2081.5056152
      2942.0610352      2084.7048340
      2941.4516602      2076.0590820
      2934.9006348      2073.7739258
      2930.1779785      2087.5612793
      2942.0610352      2084.7048340
END
         5      2915.7048340      2076.9731445
      2918.4470215      2078.3823242
      2913.7243652      2073.4692383
      2912.5056152      2074.8784180
      2917.0759277      2079.6772461
      2918.4470215      2078.3823242
END
         6      2938.2524414      2072.5170898
      2941.4516602      2076.0590820
      2940.9946289      2070.4221191
      2936.5764160      2067.9465332
      2935.9670410      2070.5363770
      2934.9006348      2073.7739258
      2941.4516602      2076.0590820
END
         7      2908.0874023      2064.2521973
      2913.7243652      2073.4692383
      2909.4584961      2050.6169434
      2903.3647461      2056.5966797
      2900.3176270      2059.5673828
      2912.5056152      2074.8784180
      2913.7243652      2073.4692383
END
         8      2927.5878906      2068.1750488
      2934.9006348      2073.7739258
      2935.9670410      2070.5363770
      2936.5764160      2067.9465332
      2929.2639160      2063.7570801
      2924.3886719      2060.9765625
      2918.2946777      2068.0227051
      2934.9006348      2073.7739258
END
         9      2913.2673340      2057.7392578
      2915.5524902      2071.3361816
      2915.8571777      2055.1875000
      2916.0095215      2051.6833496
      2915.0954590      2051.5310059
      2909.4584961      2050.6169434
      2913.7243652      2073.4692383
      2915.5524902      2071.3361816
END
        10      2918.5993652      2064.2521973
      2918.2946777      2068.0227051
      2924.3886719      2060.9765625
      2919.0566406      2057.1679688
      2915.8571777      2055.1875000
      2915.5524902      2071.3361816
      2918.2946777      2068.0227051
END
        11      2938.8618164      2066.8801270
      2940.9946289      2070.4221191
      2940.5375977      2063.6428223
      2938.1000977      2062.3095703
      2936.5764160      2067.9465332
      2940.9946289      2070.4221191
END
        12      2933.9865723      2064.3664551
      2936.5764160      2067.9465332
      2938.1000977      2062.3095703
      2932.4631348      2059.7958984
      2929.2639160      2063.7570801
      2936.5764160      2067.9465332
END
        13      2928.0451660      2060.9003906
      2929.2639160      2063.7570801
      2932.4631348      2059.7958984
      2927.5878906      2057.2441406
      2924.3886719      2060.9765625
      2929.2639160      2063.7570801
END
        14      2923.6269531      2058.2343750
      2927.5878906      2057.2441406
      2922.2558594      2054.6923828
      2919.0566406      2057.1679688
      2924.3886719      2060.9765625
      2927.5878906      2057.2441406
END
        15      2897.7277832      2053.8161621
      2903.3647461      2056.5966797
      2894.0715332      2046.4273682
      2891.1767578      2050.2741699
      2900.3176270      2059.5673828
      2903.3647461      2056.5966797
END
        16      2919.0566406      2054.7685547
      2919.0566406      2057.1679688
      2922.2558594      2054.6923828
      2917.0759277      2052.1784668
      2916.0095215      2051.6833496
      2915.8571777      2055.1875000
      2919.0566406      2057.1679688
END
        17      2903.5170898      2050.5026855
      2909.4584961      2050.6169434
      2896.8137207      2042.7330322
      2894.0715332      2046.4273682
      2903.3647461      2056.5966797
      2909.4584961      2050.6169434
END
        18      2915.5524902      2048.7888184
      2917.0759277      2052.1784668
      2915.0954590      2044.8277588
      2914.3337402      2045.6275635
      2915.0954590      2051.5310059
      2916.0095215      2051.6833496
      2917.0759277      2052.1784668
END
        19      2912.9626465      2048.9411621
      2915.0954590      2051.5310059
      2914.3337402      2045.6275635
      2913.2673340      2046.6939697
      2909.4584961      2050.6169434
      2915.0954590      2051.5310059
END
        20      2900.9272461      2044.1041260
      2909.4584961      2050.6169434
      2905.1928711      2045.5513916
      2898.0324707      2041.1333008
      2896.8137207      2042.7330322
      2909.4584961      2050.6169434
END
        21      2909.6108398      2047.2272949
      2913.2673340      2046.6939697
      2907.6303711      2042.9234619
      2905.1928711      2045.5513916
      2909.4584961      2050.6169434
      2913.2673340      2046.6939697
END
        22      2890.8720703      2047.1890869
      2888.2822266      2047.0748291
      2891.1767578      2050.2741699
      2894.0715332      2046.4273682
      2889.1962891      2043.2281494
      2888.2822266      2047.0748291
END
        23      2885.9970703      2043.6090088
      2889.1962891      2043.2281494
      2881.7312012      2039.1528320
      2881.2741699      2041.7807617
      2881.1218262      2042.5043945
      2888.2822266      2047.0748291
      2889.1962891      2043.2281494
END
        24      2909.1538086      2041.9331055
      2914.3337402      2045.6275635
      2915.0954590      2044.8277588
      2915.8571777      2044.1422119
      2901.9936523      2035.8392334
      2901.0795898      2037.0960693
      2900.3176270      2038.0482178
      2907.6303711      2042.9234619
      2913.2673340      2046.6939697
      2914.3337402      2045.6275635
END
        25      2892.5480957      2042.8092041
      2894.0715332      2046.4273682
      2896.8137207      2042.7330322
      2882.0358887      2038.1625977
      2881.7312012      2039.1528320
      2889.1962891      2043.2281494
      2894.0715332      2046.4273682
END
        26      2903.2124023      2042.2758789
      2907.6303711      2042.9234619
      2900.3176270      2038.0482178
      2898.0324707      2041.1333008
      2905.1928711      2045.5513916
      2907.6303711      2042.9234619
END
        27      2739.2861328      2042.1235352
      2737.4580078      2043.1138916
      2741.2666016      2043.1519775
      2741.2666016      2040.9047852
      2737.3056641      2040.8286133
      2737.4580078      2043.1138916
END
        28      2749.3410645      2041.6665039
      2741.2666016      2043.1519775
      2757.4155273      2042.3139648
      2757.5678711      2039.8002930
      2741.2666016      2040.9047852
      2741.2666016      2043.1519775
END
        29      2733.0397949      2042.0092773
      2728.7741699      2043.0377197
      2737.4580078      2043.1138916
      2737.3056641      2040.8286133
      2728.7741699      2040.6000977
      2728.7741699      2043.0377197
END
        30      2722.6801758      2041.8188477
      2716.7385254      2042.9615479
      2728.7741699      2043.0377197
      2728.7741699      2040.6000977
      2716.4338379      2040.2954102
      2716.7385254      2042.9615479
END
        31      2707.7500000      2041.7045898
      2698.1520996      2041.6665039
      2716.7385254      2042.9615479
      2716.4338379      2040.2954102
      2698.1520996      2040.1049805
      2698.1520996      2041.6665039
END
        32      2891.4814453      2037.4007568
      2898.0324707      2041.1333008
      2900.3176270      2038.0482178
      2901.0795898      2037.0960693
      2887.9775391      2032.1066895
      2883.8642578      2030.5451660
      2882.7978516      2034.7728271
      2882.0358887      2038.1625977
      2896.8137207      2042.7330322
      2898.0324707      2041.1333008
END
        33      2759.5483398      2041.1713867
      2757.4155273      2042.3139648
      2761.6811523      2041.8950195
      2761.6811523      2039.6860352
      2757.5678711      2039.8002930
      2757.4155273      2042.3139648
END
        34      2764.5759277      2040.8286133
      2761.6811523      2041.8950195
      2767.4704590      2041.2856445
      2767.4704590      2039.4194336
      2761.6811523      2039.6860352
      2761.6811523      2041.8950195
END
        35      2874.7233887      2040.6381836
      2867.8676758      2041.4760742
      2872.8950195      2041.6284180
      2881.2741699      2041.7807617
      2881.7312012      2039.1528320
      2867.8676758      2039.7241211
      2867.8676758      2041.4760742
END
        36      2695.1052246      2040.5620117
      2692.2106934      2040.9809570
      2698.1520996      2041.6665039
      2698.1520996      2040.1049805
      2692.2106934      2040.0668945
      2692.2106934      2040.9809570
END
        37      2865.1254883      2040.7143555
      2862.5354004      2041.3618164
      2867.8676758      2041.4760742
      2867.8676758      2039.7241211
      2862.0783691      2039.7241211
      2862.5354004      2041.3618164
END
        38      2859.6408691      2040.6381836
      2857.0510254      2041.2094727
      2862.5354004      2041.3618164
      2862.0783691      2039.7241211
      2856.5939941      2039.6860352
      2857.0510254      2041.2094727
END
        39      2771.5837402      2040.2192383
      2767.4704590      2041.2856445
      2775.3925781      2041.2475586
      2775.8496094      2038.8100586
      2767.4704590      2039.4194336
      2767.4704590      2041.2856445
END
        40      2780.7246094      2039.9907227
      2775.3925781      2041.2475586
      2785.7521973      2041.0571289
      2786.0568848      2038.3911133
      2775.8496094      2038.8100586
      2775.3925781      2041.2475586
END
        41      2854.3085938      2040.5239258
      2851.7187500      2040.9809570
      2857.0510254      2041.2094727
      2856.5939941      2039.6860352
      2851.7187500      2039.6860352
      2851.7187500      2040.9809570
END
        42      2790.4748535      2039.8383789
      2785.7521973      2041.0571289
      2795.1977539      2040.6381836
      2795.0454102      2038.2768555
      2790.1701660      2038.2387695
      2786.0568848      2038.3911133
      2785.7521973      2041.0571289
END
        43      2688.4018555      2040.0288086
      2684.8979492      2040.1811523
      2691.2963867      2040.8666992
      2692.2106934      2040.9809570
      2692.2106934      2040.0668945
      2685.0502930      2038.7719727
      2684.8979492      2040.1811523
END
        44      2839.3786621      2039.8002930
      2825.8195801      2039.7622070
      2851.7187500      2040.9809570
      2851.7187500      2039.6860352
      2825.8195801      2038.3149414
      2825.8195801      2039.7622070
END
        45      2747.0559082      2036.7152100
      2741.2666016      2040.9047852
      2757.5678711      2039.8002930
      2757.8725586      2031.6496582
      2746.5988770      2031.4973145
      2735.6296387      2031.3830566
      2736.5437012      2036.5247803
      2737.3056641      2040.8286133
      2741.2666016      2040.9047852
END
        46      2726.7934570      2038.9243164
      2737.3056641      2040.8286133
      2736.5437012      2036.5247803
      2716.7385254      2036.8294678
      2716.4338379      2040.2954102
      2728.7741699      2040.6000977
      2737.3056641      2040.8286133
END
        47      2799.3110352      2039.6098633
      2795.1977539      2040.6381836
      2803.5769043      2040.1049805
      2803.5769043      2038.3911133
      2795.0454102      2038.2768555
      2795.1977539      2040.6381836
END
        48      2704.5507813      2037.7435303
      2716.4338379      2040.2954102
      2716.7385254      2036.8294678
      2700.4372559      2035.4583740
      2692.3630371      2034.5062256
      2692.3630371      2037.7435303
      2692.2106934      2040.0668945
      2698.1520996      2040.1049805
      2716.4338379      2040.2954102
END
        49      2682.0031738      2039.1528320
      2678.8039551      2039.4956055
      2684.8979492      2040.1811523
      2685.0502930      2038.7719727
      2679.2609863      2037.8197021
      2678.8039551      2039.4956055
END
        50      2806.0144043      2039.3051758
      2803.5769043      2040.1049805
      2808.6042480      2039.8002930
      2808.6042480      2038.3149414
      2803.5769043      2038.3911133
      2803.5769043      2040.1049805
END
        51      2688.7065430      2038.3530273
      2692.2106934      2040.0668945
      2692.3630371      2037.7435303
      2685.5073242      2036.1820068
      2685.0502930      2038.7719727
      2692.2106934      2040.0668945
END
        52      2761.8334961      2036.1058350
      2761.6811523      2039.6860352
      2767.4704590      2039.4194336
      2763.8139648      2031.3449707
      2757.8725586      2031.6496582
      2757.5678711      2039.8002930
      2761.6811523      2039.6860352
END
        53      2810.5849609      2039.1528320
      2808.6042480      2039.8002930
      2812.4130859      2039.5717773
      2812.4130859      2038.3530273
      2808.6042480      2038.3149414
      2808.6042480      2039.8002930
END
        54      2822.1633301      2038.3149414
      2818.6591797      2039.6479492
      2825.8195801      2039.7622070
      2825.8195801      2038.3149414
      2826.2766113      2036.7152100
      2818.5068359      2036.4866943
      2818.6591797      2039.6479492
END
        55      2859.1838379      2037.2864990
      2867.8676758      2039.7241211
      2866.4965820      2034.4681396
      2850.3476563      2034.2015381
      2851.7187500      2039.6860352
      2856.5939941      2039.6860352
      2862.0783691      2039.7241211
      2867.8676758      2039.7241211
END
        56      2874.7233887      2037.4388428
      2881.7312012      2039.1528320
      2882.0358887      2038.1625977
      2882.7978516      2034.7728271
      2866.4965820      2034.4681396
      2867.8676758      2039.7241211
      2881.7312012      2039.1528320
END
        57      2838.6169434      2035.7630615
      2851.7187500      2039.6860352
      2850.3476563      2034.2015381
      2849.5859375      2030.6975098
      2828.1049805      2030.8117676
      2826.2766113      2036.7152100
      2825.8195801      2038.3149414
      2851.7187500      2039.6860352
END
        58      2815.4599609      2038.1625977
      2812.4130859      2039.5717773
      2812.8701172      2039.5336914
      2818.6591797      2039.6479492
      2818.5068359      2036.4866943
      2812.7177734      2036.2962646
      2812.4130859      2038.3530273
      2812.4130859      2039.5717773
END
        59      2675.7570801      2038.2387695
      2672.4052734      2038.8100586
      2678.8039551      2039.4956055
      2679.2609863      2037.8197021
      2672.5576172      2036.6390381
      2672.4052734      2038.8100586
END
        60      2776.1542969      2035.8773193
      2775.8496094      2038.8100586
      2786.0568848      2038.3911133
      2786.6662598      2035.1156006
      2763.8139648      2031.3449707
      2767.4704590      2039.4194336
      2775.8496094      2038.8100586
END
        61      2665.7021484      2036.9437256
      2658.6940918      2037.3245850
      2671.9482422      2038.7338867
      2672.4052734      2038.8100586
      2672.5576172      2036.6390381
      2658.9987793      2034.5823975
      2658.6940918      2037.3245850
END
        62      2678.9562988      2036.6390381
      2685.0502930      2038.7719727
      2685.5073242      2036.1820068
      2675.4523926      2033.8968506
      2672.5576172      2036.6390381
      2679.2609863      2037.8197021
      2685.0502930      2038.7719727
END
        63      2795.6547852      2032.9826660
      2803.5769043      2038.3911133
      2804.3386230      2032.3352051
      2805.1003418      2026.0128174
      2800.3774414      2026.3936768
      2793.8266602      2026.8887939
      2788.3420410      2027.3077393
      2786.6662598      2035.1156006
      2786.0568848      2038.3911133
      2790.1701660      2038.2387695
      2795.0454102      2038.2768555
      2803.5769043      2038.3911133
END
        64      2808.4519043      2035.5345459
      2812.4130859      2038.3530273
      2812.7177734      2036.2962646
      2813.3271484      2031.8781738
      2804.3386230      2032.3352051
      2803.5769043      2038.3911133
      2808.6042480      2038.3149414
      2812.4130859      2038.3530273
END
        65      2680.3273926      2030.2404785
      2692.3630371      2037.7435303
      2692.3630371      2034.5062256
      2692.5153809      2031.1164551
      2687.1831055      2029.7453613
      2681.5461426      2028.2979736
      2670.7294922      2024.2607422
      2665.5498047      2022.3564453
      2660.9792480      2020.6425781
      2675.4523926      2033.8968506
      2685.5073242      2036.1820068
      2692.3630371      2037.7435303
END
        66      2654.1235352      2035.3822021
      2649.0961914      2036.8294678
      2658.6940918      2037.3245850
      2658.9987793      2034.5823975
      2656.8659668      2034.2777100
      2651.3813477      2033.2111816
      2649.8579102      2032.9064941
      2649.0961914      2036.8294678
END
        67      2895.4426270      2034.0491943
      2901.9936523      2035.8392334
      2888.8916016      2030.1262207
      2887.9775391      2032.1066895
      2901.0795898      2037.0960693
      2901.9936523      2035.8392334
END
        68      2647.4204102      2034.7728271
      2644.9826660      2036.3343506
      2649.0961914      2036.8294678
      2649.8579102      2032.9064941
      2645.7443848      2032.1066895
      2644.9826660      2036.3343506
END
        69      2704.7031250      2032.8303223
      2716.7385254      2036.8294678
      2717.1955566      2031.1926270
      2702.4179688      2031.0402832
      2692.5153809      2031.1164551
      2692.3630371      2034.5062256
      2700.4372559      2035.4583740
      2716.7385254      2036.8294678
END
        70      2726.4887695      2034.3538818
      2736.5437012      2036.5247803
      2735.6296387      2031.3830566
      2727.5551758      2031.3068848
      2722.5278320      2031.2307129
      2717.1955566      2031.1926270
      2716.7385254      2036.8294678
      2736.5437012      2036.5247803
END
        71      2820.0305176      2034.0491943
      2826.2766113      2036.7152100
      2828.1049805      2030.8117676
      2813.4794922      2030.6213379
      2813.3271484      2031.8781738
      2812.7177734      2036.2962646
      2818.5068359      2036.4866943
      2826.2766113      2036.7152100
END
        72      2663.2644043      2031.7258301
      2672.5576172      2036.6390381
      2660.0651855      2025.4034424
      2658.9987793      2034.5823975
      2672.5576172      2036.6390381
END
        73      2667.8349609      2029.6311035
      2675.4523926      2033.8968506
      2660.9792480      2020.6425781
      2660.0651855      2025.4034424
      2672.5576172      2036.6390381
      2675.4523926      2033.8968506
END
        74      2643.4592285      2034.1634521
      2641.3264160      2035.9154053
      2644.9826660      2036.3343506
      2645.7443848      2032.1066895
      2642.0881348      2031.3830566
      2641.3264160      2035.9154053
END
        75      2637.8225098      2033.2111816
      2633.2519531      2034.4681396
      2641.3264160      2035.9154053
      2642.0881348      2031.3830566
      2635.0800781      2029.7072754
      2633.2519531      2034.4681396
END
        76      2779.5058594      2029.7453613
      2786.6662598      2035.1156006
      2788.3420410      2027.3077393
      2782.4003906      2027.8790283
      2776.3066406      2028.6407471
      2763.8139648      2031.3449707
      2786.6662598      2035.1156006
END
        77      2874.5710449      2031.5734863
      2882.7978516      2034.7728271
      2883.8642578      2030.5451660
      2884.1689453      2029.6691895
      2874.5710449      2028.4884033
      2864.5161133      2027.4981689
      2866.4965820      2034.4681396
      2882.7978516      2034.7728271
END
        78      2655.4948730      2030.5451660
      2658.9987793      2034.5823975
      2660.0651855      2025.4034424
      2651.8383789      2025.3653564
      2651.3813477      2033.2111816
      2656.8659668      2034.2777100
      2658.9987793      2034.5823975
END
        79      2631.8808594      2032.2971191
      2629.4433594      2033.7825928
      2633.2519531      2034.4681396
      2635.0800781      2029.7072754
      2630.0527344      2029.5168457
      2629.4433594      2033.7825928
END
        80      2857.6604004      2031.1545410
      2866.4965820      2034.4681396
      2864.5161133      2027.4981689
      2858.7268066      2027.2696533
      2856.2893066      2027.1934814
      2848.9765625      2026.9268799
      2848.8242188      2027.4981689
      2849.5859375      2030.6975098
      2850.3476563      2034.2015381
      2866.4965820      2034.4681396
END
        81      2626.7009277      2031.8781738
      2623.5017090      2033.1350098
      2627.1579590      2033.3635254
      2629.4433594      2033.7825928
      2630.0527344      2029.5168457
      2623.8063965      2029.4787598
      2623.5017090      2033.1350098
END
        82      2643.6115723      2027.7266846
      2651.3813477      2033.2111816
      2651.8383789      2025.3653564
      2635.8417969      2025.2510986
      2635.0800781      2029.7072754
      2642.0881348      2031.3830566
      2645.7443848      2032.1066895
      2649.8579102      2032.9064941
      2651.3813477      2033.2111816
END
        83      2618.9313965      2031.4973145
      2614.0561523      2032.4875488
      2623.5017090      2033.1350098
      2623.8063965      2029.4787598
      2614.5131836      2029.4406738
      2614.2084961      2031.0402832
      2614.0561523      2032.4875488
END
        84      2611.0092773      2031.4973145
      2607.8098145      2032.0686035
      2614.0561523      2032.4875488
      2614.2084961      2031.0402832
      2607.9621582      2030.2404785
      2607.8098145      2032.0686035
END
        85      2809.2136230      2029.5549316
      2813.3271484      2031.8781738
      2813.4794922      2030.6213379
      2813.9365234      2026.9268799
      2805.1003418      2026.0128174
      2804.3386230      2032.3352051
      2813.3271484      2031.8781738
END
        86      2886.3017578      2030.4309082
      2887.9775391      2032.1066895
      2888.8916016      2030.1262207
      2884.6259766      2028.2598877
      2884.1689453      2029.6691895
      2883.8642578      2030.5451660
      2887.9775391      2032.1066895
END
        87      2604.3059082      2030.8498535
      2600.8020020      2031.6115723
      2607.8098145      2032.0686035
      2607.9621582      2030.2404785
      2603.5441895      2029.6691895
      2600.8020020      2029.2883301
      2600.8020020      2031.6115723
END
        88      2752.2355957      2030.5070801
      2757.8725586      2031.6496582
      2757.7202148      2029.3264160
      2746.4465332      2029.0598145
      2746.5988770      2031.4973145
      2757.8725586      2031.6496582
END
        89      2760.7670898      2030.6213379
      2763.8139648      2031.3449707
      2763.9663086      2029.5168457
      2757.7202148      2029.3264160
      2757.8725586      2031.6496582
      2763.8139648      2031.3449707
END
        90      2597.6025391      2030.2404785
      2594.5556641      2031.1926270
      2600.8020020      2031.6115723
      2600.8020020      2029.2883301
      2594.2509766      2028.4503174
      2594.5556641      2031.1926270
END
        91      2740.9619141      2030.3166504
      2746.5988770      2031.4973145
      2746.4465332      2029.0598145
      2735.1726074      2028.7930908
      2735.6296387      2031.3830566
      2746.5988770      2031.4973145
END
        92      2731.5163574      2030.1643066
      2735.6296387      2031.3830566
      2735.1726074      2028.7930908
      2727.4028320      2028.6407471
      2727.5551758      2031.3068848
      2735.6296387      2031.3830566
END
        93      2768.5368652      2029.4406738
      2763.8139648      2031.3449707
      2776.3066406      2028.6407471
      2776.0019531      2027.0030518
      2763.9663086      2029.5168457
      2763.8139648      2031.3449707
END
        94      2725.1176758      2030.0881348
      2727.5551758      2031.3068848
      2727.4028320      2028.6407471
      2722.8325195      2028.5264893
      2722.5278320      2031.2307129
      2727.5551758      2031.3068848
END
        95      2712.6252441      2030.0119629
      2722.5278320      2031.2307129
      2722.8325195      2028.5264893
      2721.6137695      2028.4884033
      2715.6721191      2028.4884033
      2702.5703125      2028.6407471
      2702.4179688      2031.0402832
      2717.1955566      2031.1926270
      2722.5278320      2031.2307129
END
        96      2592.8798828      2029.7453613
      2591.3564453      2030.1262207
      2594.5556641      2031.1926270
      2594.2509766      2028.4503174
      2592.1181641      2027.8790283
      2591.3564453      2030.1262207
END
        97      2689.9252930      2029.6311035
      2692.5153809      2031.1164551
      2692.5153809      2029.0217285
      2688.0971680      2027.7647705
      2687.1831055      2029.7453613
      2692.5153809      2031.1164551
END
        98      2697.5427246      2030.0500488
      2702.4179688      2031.0402832
      2702.5703125      2028.6407471
      2692.5153809      2029.0217285
      2692.5153809      2031.1164551
      2702.4179688      2031.0402832
END
        99      2606.5910645      2023.3847656
      2614.2084961      2031.0402832
      2614.5131836      2029.4406738
      2614.9702148      2026.2413330
      2598.8212891      2013.5964355
      2600.4973145      2019.3094482
      2603.5441895      2029.6691895
      2607.9621582      2030.2404785
      2614.2084961      2031.0402832
END
       100      2821.2492676      2028.7930908
      2828.1049805      2030.8117676
      2829.0190430      2027.6505127
      2829.3237305      2026.2413330
      2813.9365234      2026.9268799
      2813.4794922      2030.6213379
      2828.1049805      2030.8117676
END
       101      2838.9216309      2028.7930908
      2849.5859375      2030.6975098
      2848.8242188      2027.4981689
      2848.9765625      2026.9268799
      2843.1872559      2026.7364502
      2837.8552246      2026.5460205
      2829.3237305      2026.2413330
      2829.0190430      2027.6505127
      2828.1049805      2030.8117676
      2849.5859375      2030.6975098
END
       102      2587.3952637      2027.5743408
      2592.1181641      2027.8790283
      2578.4067383      2024.2988281
      2578.2543945      2025.1749268
      2578.2543945      2025.7462158
      2591.3564453      2030.1262207
      2592.1181641      2027.8790283
END
       103      2684.7456055      2028.1456299
      2687.1831055      2029.7453613
      2688.0971680      2027.7647705
      2682.1555176      2026.0889893
      2681.5461426      2028.2979736
      2687.1831055      2029.7453613
END
       104      2629.7480469      2026.3175049
      2635.0800781      2029.7072754
      2635.8417969      2025.2510986
      2636.4511719      2021.9755859
      2614.5131836      2029.4406738
      2623.8063965      2029.4787598
      2630.0527344      2029.5168457
      2635.0800781      2029.7072754
END
       105      2591.9658203      2025.1368408
      2603.5441895      2029.6691895
      2600.4973145      2019.3094482
      2589.9851074      2021.6708984
      2578.4067383      2024.2988281
      2592.1181641      2027.8790283
      2594.2509766      2028.4503174
      2600.8020020      2029.2883301
      2603.5441895      2029.6691895
END
       106      2879.5983887      2028.4122314
      2884.1689453      2029.6691895
      2884.6259766      2028.2598877
      2874.7233887      2026.8126221
      2874.5710449      2028.4884033
      2884.1689453      2029.6691895
END
       107      2626.3962402      2020.4521484
      2614.5131836      2029.4406738
      2636.4511719      2021.9755859
      2638.1271973      2017.8621826
      2627.3103027      2017.1385498
      2616.4936523      2016.3768311
      2614.9702148      2026.2413330
      2614.5131836      2029.4406738
END
       108      2779.2011719      2027.3458252
      2782.4003906      2027.8790283
      2782.0957031      2025.7081299
      2776.0019531      2027.0030518
      2776.3066406      2028.6407471
      2782.4003906      2027.8790283
END
       109      2869.5434570      2027.2315674
      2874.5710449      2028.4884033
      2874.7233887      2026.8126221
      2864.3637695      2025.6319580
      2864.5161133      2027.4981689
      2874.5710449      2028.4884033
END
       110      2677.4328613      2025.5557861
      2682.1555176      2026.0889893
      2671.4912109      2022.0136719
      2670.7294922      2024.2607422
      2681.5461426      2028.2979736
      2682.1555176      2026.0889893
END
       111      2785.2951660      2026.5460205
      2788.3420410      2027.3077393
      2788.0373535      2024.8321533
      2782.0957031      2025.7081299
      2782.4003906      2027.8790283
      2788.3420410      2027.3077393
END
       112      2860.4025879      2026.5841064
      2864.5161133      2027.4981689
      2864.3637695      2025.6319580
      2856.2893066      2025.4415283
      2856.2893066      2027.1934814
      2858.7268066      2027.2696533
      2864.5161133      2027.4981689
END
       113      2790.7795410      2025.9366455
      2793.8266602      2026.8887939
      2792.9125977      2024.1845703
      2788.4943848      2024.7559814
      2788.0373535      2024.8321533
      2788.3420410      2027.3077393
      2793.8266602      2026.8887939
END
       114      2852.7851563      2026.2794189
      2856.2893066      2027.1934814
      2856.2893066      2025.4415283
      2849.4335938      2025.0987549
      2848.9765625      2026.9268799
      2856.2893066      2027.1934814
END
       115      2809.3659668      2025.5177002
      2813.9365234      2026.9268799
      2813.7841797      2024.9464111
      2804.3386230      2023.7275391
      2805.1003418      2026.0128174
      2813.9365234      2026.9268799
END
       116      2821.7062988      2025.8604736
      2829.3237305      2026.2413330
      2829.7807617      2024.4512939
      2813.7841797      2024.9464111
      2813.9365234      2026.9268799
      2829.3237305      2026.2413330
END
       117      2846.2343750      2025.9747314
      2848.9765625      2026.9268799
      2849.4335938      2025.0987549
      2843.4919434      2024.7940674
      2843.1872559      2026.7364502
      2848.9765625      2026.9268799
END
       118      2796.7211914      2025.4796143
      2800.3774414      2026.3936768
      2799.9204102      2023.6894531
      2792.9125977      2024.1845703
      2793.8266602      2026.8887939
      2800.3774414      2026.3936768
END
       119      2840.5974121      2025.8223877
      2843.1872559      2026.7364502
      2843.4919434      2024.7940674
      2837.8552246      2024.6417236
      2837.8552246      2026.5460205
      2843.1872559      2026.7364502
END
       120      2833.7416992      2025.6319580
      2837.8552246      2026.5460205
      2837.8552246      2024.6417236
      2829.7807617      2024.4512939
      2829.3237305      2026.2413330
      2837.8552246      2026.5460205
END
       121      2802.5104980      2025.2130127
      2805.1003418      2026.0128174
      2804.3386230      2023.7275391
      2799.9204102      2023.6894531
      2800.3774414      2026.3936768
      2805.1003418      2026.0128174
END
       122      2610.0952148      2017.5194092
      2616.4936523      2016.3768311
      2609.4855957      2015.2722168
      2598.8212891      2013.5964355
      2614.9702148      2026.2413330
      2616.4936523      2016.3768311
END
       123      2648.6391602      2022.0898438
      2660.0651855      2025.4034424
      2660.9792480      2020.6425781
      2656.5612793      2020.1474609
      2644.5256348      2018.7762451
      2638.1271973      2017.8621826
      2636.4511719      2021.9755859
      2635.8417969      2025.2510986
      2651.8383789      2025.3653564
      2660.0651855      2025.4034424
END
       124      2575.2075195      2023.5371094
      2578.4067383      2024.2988281
      2578.5590820      2022.6230469
      2572.1604004      2021.4804688
      2571.8557129      2023.6894531
      2578.2543945      2025.1749268
      2578.4067383      2024.2988281
END
       125      2584.1960449      2019.9951172
      2578.4067383      2024.2988281
      2589.9851074      2021.6708984
      2588.1569824      2014.9294434
      2579.6254883      2014.4724121
      2578.5590820      2022.6230469
      2578.4067383      2024.2988281
END
       126      2668.7490234      2022.5468750
      2670.7294922      2024.2607422
      2671.4912109      2022.0136719
      2669.5107422      2021.2519531
      2666.9208984      2020.3759766
      2665.5498047      2022.3564453
      2670.7294922      2024.2607422
END
       127      2568.9611816      2022.2421875
      2565.9143066      2022.3183594
      2571.8557129      2023.6894531
      2572.1604004      2021.4804688
      2566.2189941      2020.4140625
      2565.9143066      2022.3183594
END
       128      2558.4492188      2021.2138672
      2561.6484375      2022.7373047
      2561.8007813      2021.0234375
      2555.4023438      2019.2332764
      2555.0976563      2020.8710938
      2555.0976563      2021.3662109
      2561.6484375      2022.7373047
END
       129      2563.9335938      2021.7089844
      2561.6484375      2022.7373047
      2565.9143066      2022.3183594
      2566.2189941      2020.4140625
      2561.8007813      2021.0234375
      2561.6484375      2022.7373047
END
       130      2572.9221191      2018.8143311
      2578.5590820      2022.6230469
      2579.6254883      2014.4724121
      2573.5317383      2014.1677246
      2567.8947754      2013.9011230
      2566.2189941      2020.4140625
      2572.1604004      2021.4804688
      2578.5590820      2022.6230469
END
       131      2664.0261230      2020.8710938
      2665.5498047      2022.3564453
      2666.9208984      2020.3759766
      2662.5026855      2018.9285889
      2660.9792480      2020.6425781
      2665.5498047      2022.3564453
END
       132      2594.5556641      2018.1287842
      2600.4973145      2019.3094482
      2598.8212891      2013.5964355
      2592.5751953      2014.3962402
      2588.1569824      2014.9294434
      2589.9851074      2021.6708984
      2600.4973145      2019.3094482
END
       133      2556.7734375      2015.6912842
      2561.8007813      2021.0234375
      2562.8671875      2011.0446777
      2551.7458496      2008.8355713
      2550.9841309      2018.2430420
      2555.4023438      2019.2332764
      2561.8007813      2021.0234375
END
       134      2564.6955566      2016.6434326
      2566.2189941      2020.4140625
      2567.8947754      2013.9011230
      2568.3518066      2012.1491699
      2562.8671875      2011.0446777
      2561.8007813      2021.0234375
      2566.2189941      2020.4140625
END
       135      2550.5270996      2019.2332764
      2545.6518555      2020.0712891
      2555.0976563      2020.8710938
      2555.4023438      2019.2332764
      2550.9841309      2018.2430420
      2545.9567871      2017.1385498
      2545.6518555      2020.0712891
END
       136      2659.6081543      2019.2332764
      2660.9792480      2020.6425781
      2662.5026855      2018.9285889
      2657.9323730      2017.4051514
      2656.5612793      2020.1474609
      2660.9792480      2020.6425781
END
       137      2651.0766602      2018.0526123
      2656.5612793      2020.1474609
      2657.9323730      2017.4051514
      2644.9826660      2015.3485107
      2644.5256348      2018.7762451
      2656.5612793      2020.1474609
END
       138      2542.7573242      2018.1668701
      2539.5581055      2019.5379639
      2545.6518555      2020.0712891
      2545.9567871      2017.1385498
      2539.7104492      2015.7293701
      2539.5581055      2019.5379639
END
       139      2538.4916992      2017.7860107
      2537.4252930      2019.2713623
      2539.5581055      2019.5379639
      2539.7104492      2015.7293701
      2537.4252930      2015.5008545
      2537.4252930      2019.2713623
END
       140      2536.2062988      2017.5194092
      2534.6828613      2018.8905029
      2537.4252930      2019.2713623
      2537.4252930      2015.5008545
      2535.2922363      2015.2722168
      2534.6828613      2018.8905029
END
       141      2533.9211426      2017.2147217
      2532.3977051      2018.5858154
      2534.6828613      2018.8905029
      2535.2922363      2015.2722168
      2533.6164551      2015.0817871
      2532.3977051      2018.5858154
END
       142      2641.4787598      2017.2908936
      2644.5256348      2018.7762451
      2644.9826660      2015.3485107
      2639.0412598      2015.7674561
      2638.1271973      2017.8621826
      2644.5256348      2018.7762451
END
       143      2531.3312988      2016.8719482
      2529.3508301      2018.2049561
      2532.3977051      2018.5858154
      2533.6164551      2015.0817871
      2530.2648926      2014.6628418
      2529.3508301      2018.2049561
END
       144      2545.4995117      2014.1296387
      2550.9841309      2018.2430420
      2551.7458496      2008.8355713
      2540.1674805      2009.1021729
      2539.7104492      2015.7293701
      2545.9567871      2017.1385498
      2550.9841309      2018.2430420
END
       145      2528.5891113      2016.3768311
      2527.2177734      2017.9002686
      2529.3508301      2018.2049561
      2530.2648926      2014.6628418
      2527.5224609      2014.0534668
      2527.2177734      2017.9002686
END
       146      2526.3037109      2016.0721436
      2524.9326172      2017.5955811
      2527.2177734      2017.9002686
      2527.5224609      2014.0534668
      2525.9990234      2013.7106934
      2524.9326172      2017.5955811
END
       147      2632.9472656      2016.5291748
      2638.1271973      2017.8621826
      2639.0412598      2015.7674561
      2627.1579590      2014.8151855
      2627.3103027      2017.1385498
      2638.1271973      2017.8621826
END
       148      2524.0185547      2015.5770264
      2525.9990234      2013.7106934
      2522.9521484      2013.0251465
      2522.4951172      2017.2908936
      2524.9326172      2017.5955811
      2525.9990234      2013.7106934
END
       149      2621.8259277      2015.6912842
      2627.3103027      2017.1385498
      2627.1579590      2014.8151855
      2615.7319336      2013.8630371
      2616.4936523      2016.3768311
      2627.3103027      2017.1385498
END
       150      2612.6850586      2014.9675293
      2616.4936523      2016.3768311
      2615.7319336      2013.8630371
      2609.0285645      2013.1394043
      2609.4855957      2015.2722168
      2616.4936523      2016.3768311
END
       151      2535.1398926      2012.1872559
      2539.7104492      2015.7293701
      2540.1674805      2009.1021729
      2530.5695801      2007.6549072
      2530.2648926      2014.6628418
      2533.6164551      2015.0817871
      2535.2922363      2015.2722168
      2537.4252930      2015.5008545
      2539.7104492      2015.7293701
END
       152      2604.4582520      2013.7487793
      2609.4855957      2015.2722168
      2609.0285645      2013.1394043
      2596.6884766      2011.7683105
      2598.8212891      2013.5964355
      2609.4855957      2015.2722168
END
       153      2580.5395508      2013.2155762
      2588.1569824      2014.9294434
      2587.2429199      2012.1872559
      2587.0905762      2011.6159668
      2573.5317383      2011.0446777
      2573.5317383      2011.5397949
      2573.5317383      2014.1677246
      2579.6254883      2014.4724121
      2588.1569824      2014.9294434
END
       154      2589.9851074      2013.6345215
      2592.5751953      2014.3962402
      2591.8134766      2011.9968262
      2587.2429199      2012.1872559
      2588.1569824      2014.9294434
      2592.5751953      2014.3962402
END
       155      2526.7607422      2011.1589355
      2530.2648926      2014.6628418
      2530.5695801      2007.6549072
      2528.5891113      2007.3883057
      2523.7138672      2006.6265869
      2522.9521484      2013.0251465
      2525.9990234      2013.7106934
      2527.5224609      2014.0534668
      2530.2648926      2014.6628418
END
       156      2595.3173828      2013.2536621
      2598.8212891      2013.5964355
      2596.6884766      2011.7683105
      2591.8134766      2011.9968262
      2592.5751953      2014.3962402
      2598.8212891      2013.5964355
END
       157      2570.9416504      2012.6823730
      2573.5317383      2014.1677246
      2573.5317383      2011.5397949
      2568.6564941      2010.8161621
      2568.3518066      2012.1491699
      2567.8947754      2013.9011230
      2573.5317383      2014.1677246
END
       158      2565.9143066      2011.1208496
      2568.3518066      2012.1491699
      2568.6564941      2010.8161621
      2563.0195313      2009.8258057
      2562.8671875      2011.0446777
      2568.3518066      2012.1491699
END
       159      2558.2968750      2009.5211182
      2563.0195313      2009.8258057
      2557.5351563      2008.8355713
      2551.8981934      2007.5787354
      2551.7458496      2008.8355713
      2562.8671875      2011.0446777
      2563.0195313      2009.8258057
END
       160      2534.6828613      2007.4644775
      2540.1674805      2009.1021729
      2540.1674805      2006.9693604
      2528.7414551      2005.3696289
      2528.5891113      2007.3883057
      2530.5695801      2007.6549072
      2540.1674805      2009.1021729
END
       161      2545.9567871      2008.1500244
      2551.7458496      2008.8355713
      2551.8981934      2007.5787354
      2540.1674805      2006.9693604
      2540.1674805      2009.1021729
      2551.7458496      2008.8355713
END
       162      2526.1513672      2006.2075195
      2528.5891113      2007.3883057
      2528.7414551      2005.3696289
      2523.8662109      2004.6840820
      2523.7138672      2006.6265869
      2528.5891113      2007.3883057
END
END
