Hydraulic data input file for inSTREAM 4.5 																																														
Created from Clear Creek Reach 3c Data 14 OCT 2010 by D.S. Montoya																																														
flows	1.42		2.12		2.83		3.54		4.25		4.96		5.66		6.37		7.08		7.79		8.5		9.91		11.33		12.74		14.16		15.57		16.99		18.41		19.82		21.24		22.65		24.07		25.49	
poly-id	depth@050	veloc@050	depth@075	veloc@075	depth@100	veloc@100	depth@125	veloc@125	depth@150	veloc@150	depth@175	veloc@175	depth@200	veloc@200	depth@225	veloc@225	depth@250	veloc@250	depth@275	veloc@275	depth@300	veloc@300	depth@350	veloc@350	depth@400	veloc@400	depth@450	veloc@450	depth@500	veloc@500	depth@550	veloc@550	depth@600	veloc@600	depth@650	veloc@650	depth@700	veloc@700	depth@750	veloc@750	depth@800	veloc@800	depth@850	veloc@850	depth@900	veloc@900
1	-0.5061	0.0061	-0.3996	0.0157	-0.326	0.031	-0.2729	0.0464	-0.2215	0.0877	-0.1679	0.1122	-0.1342	0.1192	-0.0923	0.1283	-0.0506	0.1306	-0.0188	0.1308	0.0128	0.1287	0.0663	0.1233	0.1199	0.1162	0.1751	0.1128	0.2188	0.1333	0.266	0.1793	0.3017	0.2097	0.3462	0.2078	0.381	0.2022	0.4157	0.198	0.4508	0.1964	0.4848	0.1961	0.5173	0.2011
2	-0.5061	0.0061	-0.3996	0.0157	-0.326	0.031	-0.2729	0.0464	-0.2215	0.0877	-0.1679	0.1122	-0.1342	0.1192	-0.0923	0.1283	-0.0506	0.1306	-0.0188	0.1308	0.0128	0.1287	0.0663	0.1233	0.1199	0.1162	0.1751	0.1128	0.2188	0.1333	0.266	0.1793	0.3017	0.2097	0.3462	0.2078	0.381	0.2022	0.4157	0.198	0.4508	0.1964	0.4848	0.1961	0.5173	0.2011
3	0.4872	0.2861	0.5887	0.3392	0.6597	0.4093	0.7111	0.4699	0.7618	0.5132	0.8136	0.5534	0.8443	0.5936	0.8845	0.6133	0.9245	0.6346	0.9546	0.6598	0.9846	0.6839	1.0355	0.728	1.0872	0.77	1.1414	0.8172	1.1841	0.866	1.2276	0.9147	1.2601	0.9603	1.3039	0.9989	1.3379	1.0366	1.3719	1.0717	1.4062	1.109	1.4401	1.139	1.4718	1.1751
4	-0.3807	0.0253	-0.2772	0.0491	-0.2045	0.072	-0.1518	0.0973	-0.0998	0.1237	-0.0459	0.1601	-0.0152	0.194	0.0252	0.2223	0.0659	0.2385	0.0972	0.249	0.1285	0.2607	0.1815	0.295	0.2352	0.3499	0.2893	0.3781	0.3335	0.4047	0.3767	0.4925	0.4098	0.5524	0.4542	0.5684	0.4886	0.5828	0.5229	0.5943	0.5576	0.6068	0.5915	0.6156	0.6244	0.6257
5	0.6713	0.2699	0.7742	0.3172	0.8456	0.3766	0.8969	0.4323	0.948	0.4652	1.0003	0.494	1.0299	0.5422	1.0703	0.5546	1.1104	0.5721	1.1408	0.5956	1.1713	0.6165	1.2227	0.659	1.2747	0.6998	1.3277	0.7616	1.37	0.8078	1.4124	0.8595	1.4443	0.9067	1.4874	0.9485	1.5205	0.9914	1.5537	1.0329	1.5871	1.0772	1.6201	1.1154	1.6517	1.1567
6	-0.5317	0.0066	-0.4381	0.0258	-0.3686	0.0446	-0.3173	0.0712	-0.2664	0.1372	-0.2143	0.165	-0.184	0.1821	-0.1451	0.1864	-0.1064	0.1911	-0.0773	0.1943	-0.0486	0.1966	0.0004	0.2055	0.0515	0.2235	0.1072	0.2704	0.1518	0.3418	0.1908	0.3956	0.2207	0.4198	0.2641	0.4174	0.2979	0.4226	0.3322	0.4296	0.367	0.434	0.4013	0.441	0.4338	0.4574
7	0.0691	0.0771	0.1729	0.0828	0.2401	0.0881	0.2901	0.0953	0.3402	0.0885	0.3909	0.0922	0.4204	0.11	0.4608	0.0839	0.5007	0.0774	0.5304	0.0779	0.5601	0.0688	0.6099	0.0924	0.66	0.0598	0.7099	0.1498	0.7495	0.1684	0.7905	0.1663	0.8207	0.159	0.8609	0.1605	0.8912	0.1766	0.9216	0.196	0.9519	0.2179	0.9822	0.2394	1.0111	0.2218
8	-0.1695	0.0654	-0.1033	0.1036	-0.0512	0.1378	-0.0095	0.1656	0.0264	0.1919	0.0632	0.2414	0.0952	0.2988	0.1245	0.3426	0.1556	0.39	0.1826	0.4378	0.2086	0.4829	0.2544	0.5586	0.2993	0.6215	0.3451	0.6809	0.3829	0.7365	0.4204	0.7997	0.4507	0.8633	0.489	0.914	0.5204	0.9598	0.5517	1.0009	0.5838	1.0454	0.6148	1.0857	0.6452	1.1279
9	-0.2021	0.0047	-0.0999	0.0118	-0.0334	0.0308	0.0127	0.0549	0.0554	0.0773	0.0989	0.109	0.1268	0.1442	0.161	0.1801	0.1965	0.2167	0.2241	0.2463	0.252	0.2717	0.2992	0.3195	0.3471	0.3607	0.3969	0.414	0.4359	0.4667	0.4756	0.5127	0.5045	0.5586	0.5443	0.6081	0.5745	0.66	0.6047	0.7123	0.635	0.7687	0.6654	0.8194	0.6936	0.8686
10	0.3742	0.54	0.441	0.7315	0.4931	0.8851	0.5342	1.0135	0.5706	1.0967	0.6126	1.1684	0.6469	1.2348	0.6773	1.2699	0.7094	1.3065	0.7371	1.346	0.764	1.3799	0.8107	1.4374	0.8562	1.478	0.9034	1.514	0.9425	1.5495	0.9816	1.5872	1.0129	1.6289	1.0518	1.6529	1.0835	1.6855	1.1151	1.716	1.1474	1.7501	1.1788	1.7757	1.2094	1.8087
11	-0.0182	0.1069	0.0572	0.232	0.1051	0.3412	0.1404	0.4382	0.1693	0.5221	0.2024	0.6281	0.2284	0.7358	0.2536	0.8204	0.2814	0.9038	0.3051	0.9793	0.3288	1.047	0.3703	1.1593	0.4137	1.2547	0.4608	1.3465	0.4991	1.43	0.5382	1.5109	0.5676	1.5861	0.6075	1.6454	0.6382	1.704	0.6689	1.7568	0.6999	1.8119	0.7309	1.855	0.7599	1.9048
12	-0.2576	0.0006	-0.1442	0.039	-0.0912	0.0055	-0.0419	0.0099	0.0079	0.0165	0.0578	0.039	0.0878	0.0519	0.1285	0.0774	0.168	0.0938	0.1977	0.1039	0.2275	0.1117	0.2778	0.1177	0.3277	0.1027	0.378	0.1164	0.4178	0.1135	0.4584	0.1105	0.4884	0.1005	0.5286	0.1038	0.5587	0.1096	0.5888	0.1132	0.6189	0.1176	0.6489	0.1214	0.6779	0.0608
13	-0.2974	0	-0.1907	0.0006	-0.1401	0.0038	-0.0977	0.0083	-0.055	0.0159	-0.0068	0.0302	0.0229	0.0607	0.0636	0.1047	0.1035	0.1354	0.1335	0.1491	0.1633	0.1561	0.2135	0.1476	0.2629	0.1244	0.3134	0.0919	0.3528	0.0758	0.3932	0.0623	0.4229	0.0551	0.4631	0.0609	0.4936	0.074	0.524	0.0886	0.5542	0.1035	0.5844	0.1187	0.6131	0.0861
14	-0.3357	0	-0.2354	0	-0.1765	0.0001	-0.1411	0.0021	-0.1156	0.0133	-0.0813	0.0462	-0.0498	0.1108	-0.0121	0.151	0.0255	0.1579	0.0539	0.1557	0.0817	0.1463	0.1284	0.1235	0.1755	0.0903	0.2249	0.0523	0.2639	0.0453	0.3043	0.0419	0.3341	0.0441	0.3743	0.051	0.4048	0.059	0.4352	0.0686	0.4655	0.0787	0.4958	0.0894	0.5243	0.0863
15	-0.3702	0	-0.28	0	-0.2249	0	-0.1896	0	-0.1646	0.0017	-0.1363	0.0198	-0.1099	0.043	-0.084	0.0593	-0.056	0.0694	-0.0322	0.0772	-0.0081	0.0819	0.0342	0.0835	0.0788	0.0782	0.1272	0.0738	0.1664	0.0803	0.2067	0.0967	0.2365	0.1161	0.2767	0.1368	0.3071	0.1567	0.3376	0.1759	0.368	0.1977	0.3982	0.2192	0.4264	0.2423
16	-0.3946	0	-0.3276	0	-0.2649	0.0001	-0.2082	0.0066	-0.1693	0.0181	-0.1338	0.0411	-0.1047	0.0801	-0.0815	0.1122	-0.0556	0.1448	-0.0316	0.1743	-0.0084	0.2047	0.0335	0.2805	0.0735	0.343	0.1157	0.4195	0.1517	0.4945	0.1882	0.5603	0.2171	0.6155	0.2491	0.6696	0.2764	0.7159	0.3033	0.7549	0.3312	0.7966	0.3574	0.8364	0.384	0.8846
17	-0.4107	0	-0.3329	0	-0.2784	0	-0.2354	0.0009	-0.2022	0.0045	-0.1638	0.0137	-0.1327	0.0378	-0.1078	0.0626	-0.0823	0.0857	-0.0608	0.1199	-0.0405	0.1573	-0.0024	0.2336	0.0376	0.3156	0.0783	0.4017	0.1135	0.4765	0.1497	0.5501	0.1768	0.6128	0.2115	0.6745	0.239	0.7267	0.2667	0.7743	0.295	0.8219	0.3233	0.8623	0.3505	0.903
18	-0.0629	0.0184	0.0035	0.0512	0.0636	0.1192	0.1207	0.2344	0.1629	0.3516	0.201	0.4638	0.2312	0.5549	0.2555	0.6229	0.2826	0.693	0.3077	0.7572	0.3319	0.8176	0.3752	0.9212	0.4165	1.0138	0.4598	1.104	0.4969	1.1848	0.5341	1.2692	0.5642	1.3408	0.598	1.4044	0.6269	1.4608	0.6553	1.5139	0.685	1.5688	0.7131	1.6155	0.7416	1.6653
19	-0.4518	0.0027	-0.3743	0.0072	-0.3132	0.014	-0.2585	0.0253	-0.2095	0.0378	-0.1581	0.0572	-0.1147	0.0872	-0.0791	0.1264	-0.0417	0.1759	-0.0093	0.2207	0.0211	0.2504	0.074	0.2927	0.1227	0.2953	0.171	0.2988	0.2117	0.2993	0.2521	0.2932	0.2856	0.2972	0.3226	0.3066	0.355	0.3193	0.3869	0.3329	0.4201	0.3484	0.4512	0.3626	0.4832	0.3786
20	0.3676	0.3998	0.4447	0.5099	0.5056	0.6123	0.5592	0.7162	0.6089	0.7535	0.66	0.7757	0.7023	0.8112	0.7363	0.8476	0.7721	0.8945	0.8038	0.9395	0.8333	0.9717	0.8843	1.0137	0.9321	1.0405	0.9805	1.0644	1.0211	1.0841	1.0609	1.1018	1.0942	1.1288	1.1318	1.1554	1.1648	1.1847	1.1974	1.2133	1.2313	1.2438	1.2632	1.269	1.2956	1.2959
21	0.2087	0.3688	0.2744	0.5573	0.3334	0.7033	0.3897	0.8146	0.4339	0.8796	0.4751	0.9416	0.5074	0.9988	0.5332	1.0457	0.5613	1.0985	0.5874	1.1515	0.6128	1.2025	0.6583	1.2834	0.7016	1.3546	0.7466	1.4235	0.7852	1.4862	0.8245	1.5527	0.8566	1.6112	0.8919	1.6625	0.9221	1.7111	0.9517	1.7573	0.9826	1.8043	1.0117	1.8431	1.0412	1.8856
22	0.3587	0.6647	0.4337	0.8253	0.4935	0.9604	0.5515	1.0481	0.6018	1.0725	0.6505	1.0918	0.6905	1.1091	0.7216	1.1225	0.7546	1.1407	0.7842	1.1639	0.8124	1.1915	0.8617	1.2409	0.9077	1.2895	0.9545	1.3392	0.9934	1.3901	1.0308	1.4521	1.0628	1.5024	1.0997	1.5396	1.1322	1.5735	1.1646	1.6041	1.1983	1.6351	1.23	1.6596	1.2622	1.6873
23	-0.3717	0	-0.299	0	-0.2375	0.0004	-0.1874	0.0121	-0.1512	0.028	-0.1161	0.0446	-0.0874	0.0647	-0.064	0.0883	-0.0384	0.1337	-0.0155	0.1645	0.006	0.1941	0.0452	0.2902	0.0818	0.3714	0.1195	0.4491	0.1519	0.524	0.1833	0.5718	0.2084	0.6329	0.2352	0.7327	0.2575	0.8064	0.279	0.8617	0.3038	0.9183	0.329	0.9676	0.3546	1.0137
24	-0.3611	0.0102	-0.2857	0.0167	-0.2246	0.0303	-0.1745	0.052	-0.1383	0.0662	-0.1019	0.0814	-0.0713	0.1077	-0.0459	0.142	-0.0177	0.1838	0.0087	0.2313	0.0339	0.2862	0.0753	0.3848	0.112	0.4465	0.1486	0.5042	0.1798	0.5621	0.2143	0.6304	0.2432	0.711	0.2715	0.7957	0.2964	0.8669	0.3216	0.9429	0.3443	1.0155	0.3629	1.0777	0.3812	1.1462
25	-0.1696	0.1436	-0.0981	0.1677	-0.0365	0.1978	0.0221	0.2354	0.0692	0.2629	0.1145	0.3072	0.1509	0.3617	0.1791	0.399	0.2092	0.4339	0.2373	0.4635	0.2644	0.4854	0.312	0.5327	0.3603	0.5879	0.4069	0.6262	0.4465	0.6545	0.4858	0.6852	0.519	0.7134	0.5562	0.7415	0.5885	0.7686	0.6204	0.7955	0.6537	0.8228	0.6849	0.8439	0.7166	0.8649
26	0.0486	0.0738	0.1216	0.1583	0.1816	0.2538	0.2319	0.3721	0.2691	0.4588	0.3054	0.5442	0.3358	0.6321	0.3604	0.7122	0.3873	0.7926	0.4123	0.8642	0.4368	0.9357	0.4796	1.0681	0.5186	1.178	0.5581	1.2806	0.5921	1.3684	0.6273	1.4565	0.6564	1.5345	0.6866	1.6126	0.7126	1.6846	0.7381	1.7536	0.764	1.8244	0.7878	1.8863	0.8118	1.9522
27	0.3316	0.7607	0.396	0.9202	0.4561	1.0191	0.5124	1.0778	0.5559	1.1085	0.5965	1.1513	0.6273	1.209	0.6518	1.2558	0.6788	1.3068	0.704	1.3567	0.729	1.401	0.7748	1.4629	0.819	1.5123	0.8648	1.5572	0.9047	1.5975	0.9462	1.6375	0.9799	1.6799	1.016	1.7194	1.0468	1.7607	1.0767	1.8008	1.1079	1.8416	1.1372	1.8746	1.167	1.9112
28	-0.2337	0.1121	-0.1711	0.1354	-0.1139	0.1424	-0.0619	0.1519	-0.021	0.1642	0.0233	0.2185	0.0645	0.3308	0.0962	0.384	0.1315	0.4115	0.1658	0.4311	0.1995	0.4489	0.2588	0.4791	0.3124	0.5289	0.3709	0.6844	0.4192	0.8088	0.4663	0.8744	0.5072	0.9177	0.5497	0.9628	0.5897	1.0109	0.6295	1.053	0.6708	1.0884	0.7079	1.1178	0.7472	1.1506
29	-0.3079	0.04	-0.2411	0.11	-0.1841	0.1258	-0.1328	0.1338	-0.093	0.1413	-0.0505	0.1585	-0.0107	0.2146	0.0224	0.3058	0.0583	0.3789	0.0918	0.4107	0.1245	0.4327	0.1818	0.4657	0.2334	0.4951	0.2827	0.5337	0.3277	0.6089	0.3758	0.7281	0.4201	0.8943	0.4654	1.0106	0.5049	1.0649	0.5428	1.1053	0.5823	1.1457	0.6178	1.1812	0.655	1.2198
30	-0.0937	0.2101	-0.0307	0.2398	0.0259	0.2716	0.0782	0.3044	0.1189	0.3263	0.1629	0.3741	0.203	0.4452	0.2349	0.4835	0.2704	0.5086	0.3048	0.5299	0.3386	0.5566	0.3992	0.6304	0.4554	0.7306	0.5087	0.8216	0.5552	0.8703	0.6037	0.9136	0.6459	0.9623	0.6908	1.0485	0.733	1.1266	0.7735	1.1754	0.8153	1.2078	0.8529	1.2315	0.8923	1.2558
31	-0.0755	0.156	-0.0125	0.2019	0.0434	0.2544	0.0951	0.3035	0.1352	0.3383	0.178	0.3919	0.217	0.4266	0.2482	0.4516	0.2836	0.4816	0.3184	0.5256	0.353	0.5887	0.4131	0.6791	0.4673	0.7422	0.5203	0.7971	0.5672	0.836	0.6159	0.8732	0.6583	0.9085	0.7022	0.9483	0.7426	0.9842	0.7819	1.0143	0.8232	1.0417	0.8605	1.0653	0.8998	1.09
32	-0.2251	0.0553	-0.1603	0.0968	-0.1052	0.1418	-0.0542	0.1869	-0.014	0.2407	0.0292	0.3035	0.0689	0.3398	0.1005	0.3617	0.1357	0.3798	0.1692	0.3965	0.202	0.4192	0.2603	0.5094	0.3146	0.6591	0.3678	0.7375	0.4149	0.7716	0.4637	0.8017	0.5063	0.8278	0.5504	0.8542	0.5909	0.8771	0.6302	0.8992	0.6715	0.9229	0.7088	0.9449	0.7481	0.9691
33	0.2999	0.4717	0.3736	0.6006	0.4347	0.7004	0.4862	0.7804	0.5244	0.8416	0.5623	0.9111	0.5948	0.9765	0.6213	1.0246	0.6501	1.0788	0.6772	1.1332	0.7034	1.1846	0.7482	1.2707	0.7896	1.3509	0.8319	1.4277	0.8689	1.4927	0.9071	1.5576	0.9389	1.6194	0.9718	1.683	1.0004	1.7426	1.0284	1.7993	1.0569	1.8601	1.0829	1.9134	1.1094	1.9705
34	-0.417	0.0043	-0.3524	0.0297	-0.294	0.0806	-0.245	0.0895	-0.2075	0.0947	-0.1678	0.1021	-0.1312	0.115	-0.102	0.1451	-0.0664	0.244	-0.0333	0.3119	-0.0021	0.3428	0.0511	0.3796	0.0975	0.4114	0.1398	0.4474	0.1767	0.4918	0.2182	0.594	0.2588	0.7671	0.2999	0.9198	0.3358	0.9791	0.3698	1.03	0.4044	1.0836	0.4352	1.1368	0.4671	1.2091
35	-0.4783	0.0044	-0.4148	0.0083	-0.3586	0.0287	-0.3112	0.0362	-0.274	0.0434	-0.2331	0.0612	-0.1954	0.0773	-0.1644	0.096	-0.1303	0.1428	-0.0971	0.191	-0.0661	0.2129	-0.0139	0.2391	0.0312	0.263	0.0718	0.294	0.1074	0.3396	0.1471	0.4392	0.1839	0.5486	0.2218	0.6506	0.2557	0.7063	0.288	0.7513	0.3211	0.8041	0.3509	0.8723	0.3837	0.966
36	-0.3124	0.0088	-0.2394	0.0127	-0.1793	0.0178	-0.1285	0.0286	-0.0902	0.0428	-0.0503	0.085	-0.0135	0.1756	0.0151	0.2433	0.045	0.2872	0.0724	0.3127	0.0982	0.337	0.1425	0.4237	0.1856	0.5294	0.2302	0.6275	0.2677	0.7004	0.3053	0.7631	0.3367	0.827	0.3691	0.8898	0.3982	0.9516	0.4266	1.0211	0.4563	1.1068	0.4827	1.1827	0.5099	1.2664
37	-0.3108	0.0444	-0.2432	0.08	-0.1864	0.097	-0.1359	0.1066	-0.0968	0.1302	-0.0536	0.1873	-0.0134	0.252	0.019	0.2869	0.0545	0.3061	0.0882	0.3168	0.1213	0.327	0.1784	0.3695	0.2329	0.5272	0.2867	0.6218	0.3345	0.6602	0.384	0.6936	0.4274	0.7215	0.4721	0.7497	0.5133	0.7741	0.5532	0.7977	0.5951	0.8227	0.6328	0.8459	0.6724	0.8721
38	-0.3389	0.0002	-0.2719	0.0009	-0.2141	0.0019	-0.1645	0.0089	-0.1269	0.0278	-0.0828	0.0745	-0.0473	0.1314	-0.0196	0.1661	0.0121	0.188	0.0422	0.2245	0.0719	0.2979	0.1225	0.4197	0.1694	0.493	0.2164	0.5451	0.2573	0.5871	0.2994	0.6261	0.3358	0.6581	0.3735	0.6892	0.407	0.7183	0.4392	0.7551	0.4739	0.8226	0.5076	0.9233	0.5445	1.0355
39	-0.371	0.0001	-0.3043	0.0004	-0.2467	0.0016	-0.1978	0.0195	-0.1575	0.0525	-0.1167	0.0783	-0.0821	0.0938	-0.0536	0.105	-0.0212	0.1482	0.0101	0.2203	0.04	0.2738	0.0913	0.3426	0.1387	0.3899	0.1858	0.4302	0.2271	0.4656	0.2699	0.4991	0.3072	0.5287	0.3462	0.562	0.3817	0.6005	0.4169	0.6556	0.4541	0.7524	0.4871	0.8586	0.5203	0.9357
40	-0.1738	0.0677	-0.1087	0.1089	-0.0536	0.1492	-0.0046	0.1794	0.0329	0.2031	0.0745	0.2632	0.1148	0.3488	0.1469	0.3865	0.1828	0.4328	0.2167	0.4736	0.2491	0.5009	0.3041	0.5414	0.3522	0.583	0.3973	0.6493	0.4387	0.7451	0.482	0.8098	0.5208	0.8531	0.5618	0.9118	0.5987	0.9533	0.6343	0.9871	0.6711	1.0202	0.7036	1.0524	0.7369	1.0927
41	0.0149	0.1956	0.0801	0.2356	0.1367	0.2714	0.1872	0.3167	0.2265	0.3601	0.2694	0.4062	0.3095	0.4462	0.342	0.4716	0.3788	0.5026	0.4138	0.5296	0.4472	0.5516	0.5042	0.5904	0.5543	0.6395	0.6012	0.7147	0.6443	0.7878	0.6904	0.8284	0.7316	0.8535	0.775	0.8877	0.8141	0.914	0.8518	0.9363	0.891	0.9584	0.9258	0.9792	0.9623	1.0032
42	-0.2881	0.0002	-0.2203	0.0008	-0.1622	0.0048	-0.1114	0.0402	-0.0724	0.0606	-0.0326	0.0712	0.0034	0.0832	0.0323	0.1242	0.0655	0.1934	0.0971	0.2391	0.1275	0.2735	0.1796	0.3209	0.2278	0.3569	0.2752	0.3954	0.317	0.4313	0.3604	0.4646	0.3984	0.4944	0.4378	0.5296	0.473	0.5713	0.507	0.6353	0.5439	0.7627	0.5778	0.8993	0.6126	0.9916
43	-0.0869	0.1889	-0.0203	0.2406	0.0382	0.2861	0.0899	0.332	0.1297	0.3678	0.1727	0.3996	0.2131	0.424	0.2459	0.4391	0.2826	0.4559	0.3175	0.4726	0.351	0.4898	0.4083	0.5293	0.4591	0.5949	0.5074	0.6933	0.5506	0.7528	0.5966	0.7754	0.638	0.7921	0.6813	0.8144	0.7204	0.833	0.7582	0.85	0.7973	0.8681	0.8322	0.8854	0.8688	0.9055
44	-0.0018	0.1216	0.0679	0.149	0.1267	0.1844	0.1805	0.2698	0.2229	0.3367	0.2671	0.3773	0.3078	0.4047	0.3404	0.4262	0.3764	0.4502	0.4104	0.4756	0.4436	0.5125	0.504	0.6571	0.5587	0.7554	0.6126	0.8088	0.6611	0.8566	0.7116	0.9027	0.7561	0.9425	0.8023	0.9845	0.8444	1.0217	0.8854	1.057	0.9286	1.0929	0.9676	1.1245	1.0087	1.1575
45	-0.2952	0.0035	-0.2255	0.0222	-0.1659	0.0501	-0.1153	0.0673	-0.0769	0.0788	-0.0362	0.1011	0.0004	0.1294	0.03	0.1537	0.0636	0.1737	0.0955	0.1894	0.1263	0.2021	0.1788	0.2164	0.227	0.2346	0.2763	0.3171	0.3197	0.3887	0.3645	0.4453	0.4036	0.4821	0.4442	0.5188	0.4806	0.5545	0.516	0.5959	0.5528	0.6485	0.5857	0.6939	0.6201	0.7341
46	0.258	0.5038	0.3231	0.6172	0.3802	0.7004	0.4315	0.7738	0.4713	0.8293	0.5143	0.8875	0.5546	0.9411	0.5871	0.9891	0.6223	1.0407	0.6558	1.0865	0.6885	1.1289	0.7458	1.2022	0.798	1.2701	0.8487	1.3367	0.8937	1.3942	0.9412	1.45	0.984	1.4965	1.0278	1.5465	1.0672	1.5926	1.1051	1.6377	1.1446	1.6853	1.1802	1.7279	1.2176	1.7718
47	0.3271	0.5536	0.3896	0.6527	0.4455	0.7238	0.4972	0.7857	0.5376	0.8333	0.5811	0.8853	0.6205	0.9342	0.652	0.9736	0.6874	1.0128	0.722	1.045	0.7559	1.0738	0.8157	1.1245	0.8707	1.1734	0.9239	1.2289	0.9708	1.2797	1.0194	1.3307	1.0616	1.3772	1.1059	1.4237	1.1466	1.4638	1.1862	1.5034	1.2275	1.5453	1.2649	1.5828	1.3042	1.6215
48	-0.2308	0.1117	-0.162	0.1462	-0.1024	0.1675	-0.0502	0.185	-0.0101	0.1985	0.033	0.2124	0.0733	0.2258	0.1058	0.2377	0.1422	0.2543	0.177	0.2742	0.2105	0.3001	0.2685	0.3698	0.32	0.4626	0.3687	0.5706	0.4119	0.6258	0.4572	0.6407	0.4978	0.6534	0.5403	0.6774	0.5788	0.7066	0.6161	0.7403	0.655	0.7811	0.6899	0.8217	0.7262	0.8516
49	0.4053	0.5154	0.4708	0.6292	0.5264	0.7188	0.5775	0.7896	0.6175	0.8423	0.6603	0.898	0.6999	0.9501	0.7318	0.9918	0.7669	1.0351	0.8007	1.0724	0.8336	1.1063	0.892	1.1631	0.9465	1.2069	0.9998	1.2617	1.047	1.3134	1.096	1.3643	1.1388	1.4108	1.1833	1.46	1.224	1.5043	1.2636	1.5475	1.305	1.5926	1.3426	1.6328	1.382	1.6742
50	0.3161	0.1082	0.3898	0.1433	0.4512	0.1652	0.5052	0.1857	0.5472	0.1954	0.5923	0.2137	0.6347	0.2375	0.6688	0.2575	0.7065	0.2852	0.7421	0.3264	0.7769	0.3825	0.8379	0.4822	0.8927	0.5407	0.9483	0.592	0.9986	0.6438	1.051	0.6963	1.0972	0.7403	1.1452	0.7869	1.189	0.8287	1.2316	0.868	1.2763	0.9075	1.3167	0.9419	1.3592	0.9772
51	-0.4526	0.0053	-0.3823	0.0088	-0.322	0.0112	-0.2693	0.0137	-0.2289	0.0171	-0.1855	0.0254	-0.1446	0.0437	-0.1111	0.068	-0.0739	0.0972	-0.0391	0.1223	-0.0059	0.1451	0.0506	0.1971	0.1006	0.2568	0.1475	0.3194	0.1898	0.361	0.235	0.409	0.2762	0.4677	0.3196	0.5344	0.3587	0.5909	0.3963	0.6376	0.4347	0.6771	0.469	0.7121	0.5047	0.7396
52	0.4805	0.4655	0.5503	0.5552	0.6091	0.6284	0.6625	0.6975	0.7043	0.756	0.7481	0.8101	0.7887	0.8568	0.8213	0.8945	0.8571	0.9343	0.8913	0.968	0.9246	0.9963	0.985	1.0351	1.0396	1.0716	1.0935	1.1221	1.1419	1.1699	1.1924	1.2151	1.2366	1.2573	1.2827	1.3038	1.3247	1.347	1.3656	1.3894	1.4084	1.4336	1.4472	1.4727	1.4881	1.5126
53	0.3169	0.4922	0.3818	0.6215	0.4387	0.7384	0.4875	0.8298	0.5249	0.9015	0.5648	0.981	0.6017	1.0529	0.6325	1.1058	0.6675	1.1596	0.7002	1.2125	0.731	1.2647	0.7835	1.3611	0.8293	1.4573	0.8708	1.5627	0.9076	1.6532	0.9485	1.7332	0.9873	1.7923	1.0274	1.8548	1.0622	1.9157	1.0952	1.9759	1.129	2.0401	1.1593	2.0977	1.1916	2.1553
54	-0.4961	0	-0.4263	0	-0.3665	0.0002	-0.3141	0.0008	-0.2737	0.0018	-0.2308	0.0054	-0.191	0.0151	-0.158	0.0328	-0.12	0.0575	-0.0838	0.0802	-0.0503	0.0971	0.0045	0.1215	0.0524	0.1446	0.0976	0.1751	0.1391	0.2154	0.1852	0.3162	0.2273	0.4327	0.2701	0.5288	0.3077	0.589	0.344	0.6333	0.3816	0.6734	0.4153	0.7125	0.4508	0.7601
55	-0.3346	0.0291	-0.266	0.047	-0.208	0.0606	-0.1584	0.0722	-0.1205	0.081	-0.0807	0.0898	-0.0452	0.0975	-0.0168	0.1029	0.0148	0.108	0.0442	0.1118	0.0717	0.1163	0.1202	0.1472	0.171	0.2539	0.2203	0.4163	0.2627	0.5117	0.3059	0.5718	0.3429	0.6179	0.3811	0.6444	0.4146	0.6723	0.4462	0.7004	0.4783	0.7334	0.507	0.7673	0.5375	0.8053
56	0.2245	0.3271	0.2916	0.4133	0.3499	0.4788	0.4006	0.5395	0.4395	0.5956	0.4801	0.664	0.5151	0.7266	0.5435	0.7746	0.5757	0.8247	0.6068	0.8709	0.6366	0.9134	0.6879	0.9867	0.7355	1.0502	0.7826	1.1109	0.8241	1.1691	0.8669	1.2288	0.9042	1.2821	0.943	1.3367	0.9778	1.3851	1.0118	1.4303	1.0478	1.4744	1.0809	1.5111	1.1151	1.5508
57	0.2048	0.3614	0.2777	0.4572	0.3379	0.5374	0.3891	0.6068	0.4279	0.6583	0.4689	0.7332	0.5059	0.8219	0.5343	0.8867	0.5647	0.9485	0.5932	1.0058	0.6204	1.0601	0.667	1.155	0.7114	1.233	0.7572	1.2977	0.7961	1.362	0.8355	1.432	0.8688	1.4973	0.9033	1.5651	0.9341	1.6257	0.964	1.683	0.9952	1.7423	1.0236	1.7959	1.0532	1.852
58	0.2499	0.3051	0.3196	0.3924	0.379	0.4664	0.4295	0.5317	0.4679	0.582	0.5085	0.6374	0.5449	0.6902	0.5746	0.7317	0.6079	0.7761	0.6399	0.8167	0.6705	0.8539	0.723	0.9177	0.7716	0.9801	0.8208	1.0555	0.864	1.1181	0.9088	1.1752	0.9478	1.225	0.9877	1.2747	1.024	1.3191	1.0594	1.3605	1.0959	1.4034	1.1287	1.4425	1.1631	1.4836
59	-0.342	0.0368	-0.2735	0.0589	-0.2149	0.0761	-0.1642	0.0906	-0.1253	0.1009	-0.0842	0.1125	-0.0474	0.1252	-0.018	0.1384	0.0156	0.1616	0.0495	0.1982	0.0842	0.2491	0.1435	0.3517	0.1912	0.4422	0.2317	0.5236	0.2687	0.5781	0.3093	0.622	0.3457	0.6704	0.3851	0.7247	0.4208	0.7827	0.4559	0.8448	0.4932	0.9111	0.5269	0.9719	0.5621	1.0312
60	0.0483	0.016	0.1224	0.024	0.1828	0.0292	0.2357	0.0358	0.2778	0.0336	0.3234	0.0357	0.3655	0.045	0.3988	0.0544	0.4364	0.065	0.4745	0.0851	0.5125	0.1562	0.5745	0.2563	0.6295	0.3167	0.6855	0.3623	0.7365	0.4132	0.7895	0.4693	0.8362	0.5115	0.8845	0.5555	0.9286	0.5944	0.9714	0.6308	1.0163	0.6672	1.0568	0.6991	1.0995	0.7331
61	0.3474	0.4406	0.4123	0.5453	0.4685	0.633	0.5182	0.707	0.5565	0.765	0.5985	0.8282	0.638	0.8851	0.6701	0.9284	0.7062	0.9734	0.7406	1.0151	0.7732	1.0562	0.8289	1.1333	0.8777	1.21	0.9233	1.2908	0.9647	1.3566	1.0091	1.4209	1.049	1.477	1.0909	1.5343	1.1285	1.585	1.1649	1.633	1.2024	1.683	1.2359	1.7292	1.271	1.7785
62	-0.3497	0.0013	-0.2788	0.0026	-0.2187	0.0016	-0.1626	0.0019	-0.1227	0.0036	-0.0802	0.0062	-0.0409	0.0117	-0.0096	0.0153	0.0255	0.0208	0.0603	0.0276	0.0955	0.0784	0.1572	0.1522	0.2107	0.1849	0.2648	0.2126	0.316	0.2721	0.3717	0.3762	0.4193	0.4493	0.4686	0.5104	0.5136	0.5571	0.5574	0.5963	0.6035	0.6319	0.6452	0.6605	0.6891	0.689
63	0.5602	0.2542	0.6338	0.3256	0.6945	0.3821	0.7477	0.4293	0.7897	0.4547	0.835	0.4918	0.8771	0.5346	0.9107	0.5711	0.9481	0.6135	0.9851	0.6601	1.0213	0.7035	1.0828	0.7651	1.1376	0.8085	1.1931	0.8604	1.2436	0.9079	1.2961	0.9509	1.3423	0.9917	1.3904	1.0388	1.4341	1.0839	1.4766	1.1284	1.5212	1.1747	1.5615	1.2154	1.6039	1.2565
64	0.2643	0.3815	0.3331	0.4591	0.3928	0.5209	0.4451	0.5744	0.4851	0.6169	0.5283	0.6638	0.5689	0.7077	0.6018	0.7426	0.6387	0.7803	0.674	0.8155	0.7077	0.8487	0.7657	0.906	0.817	0.9607	0.8652	1.0182	0.9085	1.0706	0.9543	1.125	0.9955	1.1723	1.039	1.22	1.0781	1.2625	1.1159	1.3029	1.1552	1.345	1.1904	1.3828	1.2272	1.423
65	0.2051	0.3112	0.275	0.4076	0.3351	0.4793	0.3876	0.5345	0.428	0.5722	0.4712	0.6169	0.5112	0.6662	0.5441	0.7087	0.5812	0.7558	0.6164	0.8004	0.6497	0.8427	0.7062	0.9192	0.7556	0.9963	0.8015	1.0802	0.843	1.1445	0.8879	1.1977	0.9287	1.2444	0.9715	1.2946	1.0097	1.3393	1.0465	1.382	1.0845	1.4268	1.1185	1.4673	1.1541	1.5093
66	0.3336	0.3987	0.4044	0.5128	0.4633	0.6123	0.5159	0.694	0.5574	0.7581	0.6019	0.8189	0.6433	0.8713	0.6764	0.9134	0.7131	0.9549	0.7488	0.9827	0.7837	1.0031	0.844	1.0521	0.8979	1.112	0.9524	1.1768	1.0023	1.2263	1.0548	1.2736	1.1007	1.3168	1.1483	1.3589	1.1916	1.3947	1.2337	1.4286	1.2778	1.4638	1.3178	1.4954	1.3598	1.5284
67	-0.3942	0	-0.3066	0	-0.2202	0.0018	-0.1311	0.0219	-0.0932	0.0449	-0.0587	0.0828	-0.0308	0.1311	-0.0104	0.1723	0.0103	0.2188	0.0307	0.2567	0.0516	0.2849	0.0927	0.3293	0.1366	0.38	0.1876	0.4909	0.2354	0.6086	0.2834	0.6789	0.3288	0.7223	0.3775	0.7586	0.4225	0.7852	0.4667	0.807	0.5133	0.8267	0.5557	0.8428	0.6002	0.8604
68	-0.2364	0.0734	-0.1624	0.1096	-0.1006	0.16	-0.0482	0.1891	-0.0098	0.2059	0.0282	0.2274	0.0605	0.2583	0.0871	0.2943	0.1162	0.3415	0.1438	0.3875	0.1706	0.4313	0.2165	0.4878	0.2588	0.5337	0.3017	0.6014	0.3401	0.699	0.3802	0.802	0.413	0.8651	0.4471	0.9203	0.4767	0.9665	0.5057	1.008	0.5353	1.049	0.5625	1.0833	0.5903	1.1186
69	-0.2575	0	-0.1414	0.0009	-0.0389	0.0139	0.0265	0.0534	0.0661	0.0944	0.1028	0.1555	0.1334	0.2205	0.1578	0.2777	0.1836	0.3437	0.2088	0.4123	0.2335	0.4841	0.2761	0.6102	0.3135	0.7194	0.3496	0.8098	0.387	0.8597	0.4293	0.9025	0.4707	0.9305	0.5163	0.9517	0.5594	0.9667	0.6021	0.9789	0.6475	0.9903	0.6889	1.0002	0.7325	1.0117
70	0.2561	0.3183	0.321	0.426	0.3764	0.5127	0.4276	0.5838	0.4676	0.6343	0.5101	0.6896	0.5496	0.7453	0.5814	0.7906	0.6164	0.8408	0.6502	0.8892	0.6831	0.9355	0.7416	1.0109	0.7959	1.0704	0.849	1.1384	0.8961	1.2012	0.945	1.2654	0.9876	1.3228	1.032	1.3813	1.0726	1.4322	1.1121	1.4806	1.1534	1.5304	1.1908	1.5745	1.2302	1.6199
71	0.2403	0.4151	0.3028	0.5229	0.3584	0.6049	0.4099	0.6697	0.4502	0.7198	0.4936	0.7677	0.533	0.8144	0.5645	0.8529	0.5999	0.8927	0.6345	0.9271	0.6683	0.9592	0.728	1.0162	0.7828	1.069	0.8359	1.1289	0.8828	1.1841	0.9314	1.2414	0.9736	1.2936	1.0178	1.346	1.0584	1.391	1.0979	1.4349	1.1391	1.481	1.1764	1.5223	1.2157	1.565
72	0.2532	0.3802	0.3222	0.4876	0.381	0.5795	0.4315	0.6623	0.4701	0.7242	0.5108	0.7912	0.5473	0.8581	0.5768	0.9119	0.6099	0.9692	0.6419	1.0205	0.6729	1.0663	0.7275	1.1434	0.7781	1.2095	0.825	1.2755	0.866	1.3346	0.909	1.3956	0.9468	1.4531	0.986	1.5148	1.0211	1.5704	1.055	1.6235	1.0899	1.6787	1.1214	1.7277	1.1545	1.7778
73	-0.001	0.0123	0.0642	0.0558	0.1203	0.0851	0.1733	0.1329	0.2136	0.2239	0.2572	0.323	0.2986	0.4034	0.3324	0.4565	0.3703	0.5214	0.4064	0.6003	0.441	0.684	0.5017	0.7795	0.5558	0.8361	0.6111	0.8897	0.6637	0.9384	0.7196	0.9758	0.7674	1.0156	0.8171	1.0598	0.8625	1.0998	0.9068	1.1377	0.9534	1.1754	0.9956	1.2068	1.04	1.2373
74	0.2269	0.4127	0.2957	0.5557	0.3546	0.6543	0.4084	0.7215	0.4507	0.7684	0.4965	0.8275	0.5391	0.8845	0.5733	0.9282	0.6111	0.9728	0.6472	1.0094	0.6822	1.0355	0.7425	1.0835	0.7966	1.1306	0.8528	1.175	0.9047	1.2013	0.9594	1.217	1.007	1.2382	1.0566	1.2642	1.1019	1.2891	1.1461	1.3141	1.1925	1.3399	1.2347	1.362	1.279	1.3838
75	-0.1979	0	-0.0661	0.0062	0.0234	0.0187	0.0793	0.0472	0.1182	0.09	0.1579	0.1575	0.1931	0.2348	0.2219	0.3056	0.2518	0.3806	0.2801	0.4565	0.3082	0.5249	0.354	0.6228	0.3924	0.7218	0.4285	0.8296	0.4638	0.9053	0.5036	0.9691	0.5427	1.01	0.5862	1.04	0.6276	1.0604	0.669	1.076	0.7131	1.0897	0.7534	1.1005	0.7961	1.1113
76	-0.171	0.0006	-0.0418	0.0181	0.0365	0.0243	0.0909	0.0441	0.1313	0.0737	0.1742	0.1201	0.2134	0.1712	0.245	0.212	0.2777	0.2573	0.308	0.3018	0.3366	0.3487	0.3827	0.4418	0.4236	0.5398	0.4632	0.6415	0.5001	0.7181	0.5407	0.7838	0.5795	0.8297	0.6219	0.8677	0.6619	0.8961	0.7018	0.9198	0.7444	0.942	0.7834	0.9603	0.8247	0.9791
77	0.2428	0.3151	0.3076	0.4094	0.3641	0.4859	0.4141	0.5479	0.4527	0.5954	0.4948	0.6449	0.5344	0.6903	0.5666	0.7301	0.6027	0.774	0.6373	0.8155	0.6702	0.855	0.7265	0.9236	0.7761	0.9881	0.8225	1.0554	0.8648	1.1115	0.9099	1.1719	0.9504	1.2277	0.9931	1.2799	1.0315	1.3269	1.0687	1.3734	1.1071	1.4229	1.1415	1.4675	1.1774	1.5133
78	0.2704	0.5135	0.3433	0.5926	0.4038	0.6634	0.4558	0.7309	0.4958	0.7858	0.5375	0.8315	0.5741	0.8649	0.6026	0.8968	0.6336	0.94	0.6631	0.983	0.6913	1.0241	0.7396	1.0967	0.7857	1.1604	0.8329	1.2242	0.8731	1.2827	0.914	1.3428	0.9491	1.3985	0.9855	1.456	1.018	1.5075	1.0497	1.5561	1.0828	1.6055	1.1131	1.6475	1.1445	1.6916
79	-0.1485	0.0132	-0.0738	0.0407	-0.0075	0.0851	0.0582	0.1771	0.092	0.2843	0.1259	0.3973	0.1567	0.4861	0.182	0.5487	0.2102	0.6088	0.2374	0.6694	0.264	0.7201	0.3145	0.7914	0.3648	0.8371	0.4206	0.8716	0.4721	0.9036	0.5235	0.9472	0.5702	0.9878	0.6195	1.0305	0.665	1.0681	0.7096	1.1033	0.7565	1.1379	0.7992	1.1668	0.844	1.1953
80	-0.1379	0.0041	-0.027	0.0346	0.0476	0.0417	0.1014	0.0631	0.142	0.0887	0.1858	0.1274	0.226	0.1741	0.2584	0.2066	0.2919	0.2473	0.3226	0.2882	0.3511	0.3343	0.3975	0.434	0.4399	0.54	0.4822	0.6326	0.521	0.7011	0.563	0.7609	0.6023	0.805	0.6446	0.8432	0.6843	0.8734	0.7236	0.8994	0.7656	0.9244	0.8038	0.9455	0.8444	0.967
81	0.3329	0.3928	0.4001	0.4762	0.4589	0.544	0.5097	0.6023	0.5481	0.644	0.5883	0.6889	0.6237	0.7364	0.6525	0.7754	0.685	0.8176	0.7162	0.8575	0.7461	0.8956	0.7976	0.9638	0.8454	1.0259	0.8927	1.087	0.9344	1.1386	0.9776	1.1932	1.0151	1.2439	1.0543	1.2959	1.0893	1.3419	1.1236	1.3845	1.1596	1.4252	1.1923	1.4594	1.2262	1.4977
82	-0.171	0.0101	-0.0764	0.0444	-0.0041	0.0648	0.0493	0.0945	0.0894	0.115	0.1333	0.1402	0.1737	0.1848	0.2063	0.2132	0.2401	0.2458	0.2713	0.2762	0.3004	0.3084	0.3472	0.3811	0.3924	0.4929	0.4371	0.5723	0.4774	0.6315	0.5203	0.6857	0.5599	0.7266	0.6024	0.762	0.6419	0.7907	0.6809	0.8156	0.7224	0.8395	0.7602	0.8599	0.8003	0.8804
83	-0.2766	0.0048	-0.1854	0.0092	-0.113	0.0151	-0.0554	0.0192	-0.0166	0.0331	0.0231	0.0503	0.0606	0.07	0.0889	0.0919	0.1189	0.1261	0.1469	0.164	0.1734	0.2226	0.2204	0.3306	0.2638	0.4402	0.31	0.5342	0.3541	0.6202	0.4016	0.6992	0.4457	0.7792	0.493	0.8546	0.5366	0.9162	0.5796	0.9709	0.6249	1.0233	0.6661	1.0672	0.7093	1.1099
84	-0.3219	0.0227	-0.2346	0.0421	-0.1647	0.0649	-0.1117	0.0933	-0.0715	0.1112	-0.0282	0.1361	0.0123	0.1651	0.045	0.1856	0.0792	0.2106	0.1112	0.2381	0.1415	0.2638	0.1906	0.3158	0.2353	0.378	0.2819	0.4353	0.3237	0.4992	0.3678	0.5564	0.4082	0.5954	0.4513	0.6276	0.4914	0.655	0.5311	0.6801	0.5732	0.7025	0.6115	0.7225	0.652	0.7424
85	-0.3814	0.0105	-0.299	0.0102	-0.232	0.0144	-0.1793	0.0236	-0.1391	0.0348	-0.0959	0.043	-0.055	0.0541	-0.022	0.0678	0.013	0.0841	0.0458	0.1037	0.0766	0.1285	0.1271	0.1619	0.1734	0.1828	0.2215	0.2112	0.2644	0.2704	0.3094	0.3403	0.3511	0.4144	0.395	0.459	0.4356	0.4877	0.4756	0.511	0.5181	0.5302	0.5566	0.5442	0.5974	0.5579
86	0.3609	0.4236	0.4305	0.4992	0.4904	0.5639	0.5431	0.622	0.5842	0.6695	0.6277	0.7219	0.6674	0.7695	0.6997	0.8056	0.736	0.8431	0.7707	0.8776	0.8039	0.9099	0.8608	0.9673	0.9107	1.0216	0.957	1.0793	0.9988	1.1317	1.0438	1.1872	1.0842	1.2366	1.1264	1.2866	1.1642	1.3317	1.2007	1.3755	1.2385	1.4217	1.2723	1.463	1.3075	1.5069
87	-0.2396	0.0993	-0.1662	0.1558	-0.1036	0.2091	-0.051	0.2414	-0.0118	0.27	0.0292	0.3176	0.0659	0.3652	0.0948	0.3925	0.1255	0.4175	0.1546	0.4397	0.1822	0.4605	0.2289	0.4991	0.2725	0.5549	0.3178	0.6625	0.3565	0.74	0.3958	0.7912	0.4293	0.8301	0.4643	0.8684	0.4952	0.902	0.5254	0.9336	0.5562	0.9678	0.5843	0.9989	0.6131	1.0318
88	-0.2848	0.0055	-0.2035	0.0256	-0.1369	0.0514	-0.0844	0.0669	-0.0449	0.0735	-0.0027	0.0808	0.0373	0.0965	0.0704	0.126	0.1058	0.1688	0.1382	0.1905	0.1689	0.2035	0.2194	0.2191	0.2658	0.2299	0.3135	0.2464	0.3567	0.3436	0.4014	0.4712	0.4435	0.5978	0.4864	0.6698	0.5269	0.6958	0.5668	0.7129	0.6093	0.7257	0.6478	0.7355	0.6886	0.7431
89	-0.4052	0.055	-0.3391	0.0853	-0.2823	0.1331	-0.2316	0.1727	-0.1926	0.2049	-0.1503	0.2544	-0.1111	0.2932	-0.0789	0.3178	-0.0445	0.3427	-0.0119	0.3721	0.0195	0.4003	0.0749	0.4575	0.1243	0.5091	0.1722	0.5877	0.215	0.6528	0.2608	0.7111	0.3023	0.7525	0.3449	0.8006	0.3828	0.8505	0.4193	0.8916	0.4571	0.9375	0.4914	0.9817	0.5279	1.033
90	-0.5233	0.0346	-0.4585	0.0516	-0.4032	0.0664	-0.3555	0.0864	-0.319	0.1046	-0.2799	0.1269	-0.2437	0.1528	-0.2129	0.1839	-0.1779	0.2293	-0.1459	0.2644	-0.1165	0.2904	-0.0663	0.3317	-0.023	0.3645	0.0159	0.4014	0.0506	0.442	0.0898	0.4896	0.1279	0.5384	0.1666	0.5989	0.1992	0.6539	0.23	0.7092	0.261	0.7707	0.2887	0.8212	0.3179	0.8686
91	-0.2261	0.0159	-0.1496	0.0309	-0.0855	0.0377	-0.0339	0.0467	0.0059	0.0603	0.05	0.0993	0.0912	0.1346	0.1233	0.1479	0.1573	0.1582	0.1892	0.1645	0.2196	0.17	0.2698	0.1802	0.3152	0.1796	0.3617	0.2001	0.4061	0.2977	0.4542	0.4665	0.496	0.5888	0.5426	0.6557	0.5828	0.6734	0.6224	0.6827	0.6644	0.6887	0.7025	0.6935	0.7428	0.6961
92	-0.1785	0.0534	-0.1157	0.0982	-0.0577	0.1938	-0.0056	0.2372	0.0351	0.3102	0.0791	0.3729	0.1198	0.4091	0.1519	0.4378	0.1873	0.4883	0.2218	0.5309	0.2551	0.5635	0.314	0.628	0.3688	0.709	0.4229	0.8128	0.4703	0.8626	0.5195	0.9007	0.5619	0.9321	0.606	0.9643	0.6464	0.9914	0.6857	1.0175	0.7264	1.0453	0.7632	1.0709	0.8018	1.099
93	-0.066	0.0645	-0.0041	0.1253	0.0519	0.1927	0.1033	0.266	0.1435	0.3307	0.1872	0.3884	0.2271	0.432	0.259	0.4788	0.2939	0.5338	0.3278	0.5801	0.3622	0.6353	0.4235	0.7324	0.4795	0.8286	0.5328	0.893	0.5801	0.9363	0.629	0.9779	0.6714	1.0145	0.716	1.0485	0.757	1.0753	0.7968	1.1011	0.8383	1.1284	0.8758	1.1533	0.9152	1.1801
94	-0.1402	0.0857	-0.0753	0.1297	-0.0191	0.1627	0.0304	0.1962	0.0685	0.224	0.11	0.2515	0.1488	0.2785	0.1808	0.3081	0.2167	0.3501	0.251	0.3923	0.2834	0.4266	0.3386	0.4755	0.3872	0.523	0.4325	0.5819	0.4735	0.6314	0.5172	0.6807	0.5568	0.7254	0.5984	0.7811	0.6355	0.8335	0.6714	0.8917	0.7084	0.9551	0.7415	1.0019	0.776	1.0407
95	-0.0436	0.0429	0.0189	0.107	0.0761	0.2011	0.128	0.244	0.1682	0.272	0.2112	0.2986	0.2502	0.3257	0.2813	0.3555	0.3166	0.424	0.3527	0.532	0.3865	0.5901	0.4451	0.6556	0.4991	0.7064	0.5516	0.7548	0.5983	0.7947	0.6466	0.835	0.6886	0.8708	0.7325	0.9054	0.7729	0.9337	0.8122	0.9609	0.8532	0.9898	0.8904	1.0169	0.9296	1.0479
96	-0.0512	0.017	0.0127	0.0974	0.0674	0.151	0.1185	0.2126	0.1587	0.2613	0.2015	0.2983	0.2408	0.3344	0.2724	0.3736	0.3077	0.4522	0.3417	0.5349	0.3745	0.5825	0.4329	0.6458	0.487	0.7038	0.5398	0.7595	0.5867	0.8047	0.6353	0.8515	0.6775	0.8935	0.7216	0.9344	0.762	0.968	0.8013	0.9996	0.8424	1.0327	0.8797	1.064	0.9189	1.1003
97	-0.4942	0.0043	-0.4204	0.0064	-0.3577	0.0082	-0.3066	0.0112	-0.2673	0.0178	-0.2241	0.0411	-0.1841	0.0572	-0.1525	0.0607	-0.119	0.0636	-0.0876	0.0657	-0.0579	0.0671	-0.009	0.0698	0.0351	0.0692	0.0807	0.095	0.1233	0.183	0.1721	0.3737	0.2152	0.471	0.2556	0.5164	0.2952	0.5273	0.3344	0.5336	0.3762	0.5378	0.414	0.541	0.4541	0.5426
98	-0.0968	0.0154	-0.028	0.0894	0.0291	0.1431	0.0806	0.1771	0.1201	0.2024	0.1623	0.232	0.2016	0.2593	0.233	0.2813	0.2673	0.3091	0.3001	0.3444	0.332	0.3903	0.3916	0.518	0.448	0.6756	0.5014	0.7669	0.5485	0.825	0.5971	0.8916	0.6396	0.951	0.684	1.0049	0.7244	1.0471	0.7636	1.0837	0.8045	1.1202	0.8414	1.1526	0.8799	1.1871
99	-0.0281	0.0201	0.0382	0.0615	0.0949	0.1611	0.146	0.228	0.1855	0.2644	0.2277	0.3018	0.2671	0.3361	0.2989	0.3687	0.334	0.4268	0.368	0.4976	0.4014	0.5614	0.46	0.6636	0.5141	0.7787	0.5673	0.8615	0.6146	0.9197	0.6637	0.9831	0.7065	1.0396	0.7512	1.0924	0.792	1.1338	0.8317	1.171	0.8733	1.2083	0.9109	1.2415	0.9503	1.2771
100	0.321	0.3916	0.4029	0.4103	0.4693	0.4372	0.5218	0.4737	0.5617	0.5056	0.6048	0.5411	0.6453	0.5755	0.6781	0.6045	0.7128	0.6384	0.7451	0.6713	0.7755	0.7031	0.8258	0.7616	0.872	0.8141	0.9199	0.8607	0.9631	0.9063	1.0083	0.9537	1.0496	0.9936	1.0931	1.0353	1.1331	1.073	1.1726	1.108	1.2146	1.1432	1.2527	1.1748	1.2931	1.2067
101	0.3571	0.4557	0.4269	0.5476	0.4862	0.6191	0.5369	0.681	0.5756	0.7324	0.6165	0.7907	0.6533	0.8439	0.6832	0.8862	0.7167	0.9324	0.749	0.9762	0.78	1.0173	0.8341	1.0848	0.8839	1.1351	0.9313	1.1818	0.9729	1.2359	1.0164	1.3009	1.0545	1.36	1.0942	1.4183	1.1295	1.47	1.1637	1.5198	1.1989	1.5715	1.2307	1.6168	1.2641	1.6632
102	0.3955	0.3423	0.465	0.4121	0.5242	0.47	0.5745	0.5227	0.6129	0.5647	0.6535	0.6111	0.6899	0.6547	0.7195	0.6895	0.7529	0.7279	0.785	0.7655	0.8156	0.8029	0.8685	0.8723	0.9177	0.9332	0.9666	0.9808	1.0097	1.0239	1.0543	1.0744	1.0933	1.1222	1.134	1.1702	1.1705	1.2126	1.206	1.2528	1.2428	1.2944	1.2758	1.3319	1.3104	1.3722
103	-0.4879	0.0109	-0.4147	0.0158	-0.3529	0.019	-0.3025	0.0216	-0.2641	0.0247	-0.2227	0.0304	-0.1837	0.0344	-0.1521	0.037	-0.1186	0.0396	-0.0876	0.0427	-0.0587	0.0466	-0.0113	0.0699	0.0336	0.1254	0.0816	0.2424	0.123	0.3659	0.1647	0.4583	0.2024	0.4938	0.2429	0.5164	0.2812	0.5302	0.3194	0.5397	0.3599	0.5484	0.3966	0.5564	0.4352	0.5639
104	-0.342	0.0015	-0.2708	0.0225	-0.2125	0.0338	-0.1611	0.0401	-0.1217	0.052	-0.0791	0.0657	-0.0396	0.0782	-0.0079	0.0885	0.0273	0.1023	0.0619	0.1208	0.0961	0.1536	0.1561	0.2675	0.2078	0.407	0.2593	0.4821	0.3059	0.533	0.3538	0.5991	0.3958	0.659	0.4401	0.7106	0.4809	0.7481	0.5208	0.7789	0.5626	0.8104	0.6007	0.8419	0.6407	0.8837
105	0.0798	0.1456	0.17	0.2112	0.2405	0.2747	0.293	0.3367	0.3317	0.3856	0.3749	0.4393	0.4167	0.5246	0.4495	0.5753	0.4845	0.6373	0.5176	0.6809	0.5494	0.7153	0.6004	0.781	0.6467	0.8432	0.6932	0.9089	0.735	0.9661	0.7791	1.023	0.8197	1.0703	0.863	1.1167	0.9033	1.1563	0.9431	1.1927	0.9853	1.2293	1.0238	1.2615	1.0645	1.2941
106	0.1986	0.2847	0.2739	0.3711	0.3368	0.4338	0.3877	0.4871	0.4265	0.53	0.4686	0.5804	0.5081	0.6274	0.5399	0.6639	0.5736	0.7018	0.6051	0.7353	0.6349	0.7657	0.6841	0.829	0.7296	0.8956	0.7772	0.9733	0.8199	1.0512	0.8643	1.1151	0.904	1.1656	0.9463	1.216	0.9852	1.2615	1.0238	1.3008	1.0647	1.3391	1.1019	1.3737	1.1413	1.4077
107	-0.2269	0.0527	-0.1508	0.0882	-0.0881	0.127	-0.0357	0.1552	0.0042	0.1862	0.0462	0.2159	0.0833	0.2315	0.1123	0.2415	0.1436	0.2546	0.1732	0.2683	0.2015	0.283	0.25	0.3196	0.2974	0.4012	0.346	0.5256	0.3868	0.5906	0.4282	0.6318	0.4635	0.6651	0.5003	0.6976	0.533	0.7258	0.565	0.7521	0.5982	0.7791	0.6285	0.803	0.6599	0.8284
108	0.3109	0.4127	0.3971	0.5052	0.4669	0.5808	0.519	0.6485	0.558	0.6988	0.6006	0.747	0.6414	0.7857	0.6744	0.8155	0.7094	0.8456	0.7423	0.8717	0.774	0.8916	0.8261	0.9287	0.8735	0.9638	0.9217	1.0025	0.965	1.0359	1.0105	1.0716	1.0519	1.1044	1.0959	1.1388	1.1367	1.1688	1.1769	1.1978	1.2195	1.228	1.2583	1.2551	1.2993	1.2835
109	-0.3871	0.025	-0.3229	0.0534	-0.2667	0.0931	-0.2169	0.1157	-0.1783	0.126	-0.1363	0.137	-0.097	0.1522	-0.0648	0.1706	-0.0288	0.2	0.0064	0.2399	0.0393	0.2681	0.0952	0.3081	0.1445	0.3436	0.1908	0.3783	0.2332	0.4168	0.2788	0.4715	0.3194	0.5104	0.362	0.5541	0.4002	0.6085	0.4374	0.6559	0.4761	0.7105	0.5107	0.7524	0.5468	0.7906
110	-0.3234	0.0237	-0.2537	0.0344	-0.1946	0.0625	-0.1428	0.1162	-0.1021	0.1696	-0.06	0.1937	-0.0239	0.2034	0.0044	0.2118	0.0356	0.2224	0.0655	0.2333	0.0939	0.245	0.143	0.2755	0.1893	0.3491	0.2374	0.508	0.2785	0.5918	0.3202	0.635	0.356	0.6696	0.3934	0.7026	0.4267	0.7306	0.4593	0.7563	0.4934	0.7813	0.5248	0.8019	0.5574	0.8232
111	-0.3988	0.0025	-0.3282	0.0056	-0.2703	0.0163	-0.2182	0.04	-0.1766	0.0707	-0.1315	0.0935	-0.09	0.1089	-0.0567	0.1203	-0.0199	0.1313	0.0167	0.1389	0.0526	0.1461	0.1117	0.1827	0.1639	0.2586	0.2174	0.3213	0.2677	0.396	0.3221	0.5062	0.3694	0.5963	0.4183	0.6555	0.4623	0.6874	0.5049	0.7101	0.5492	0.7346	0.5892	0.76	0.6308	0.7947
112	-0.2888	0.0682	-0.2234	0.1074	-0.1654	0.1519	-0.1147	0.1743	-0.0759	0.1852	-0.0338	0.1964	0.0057	0.2101	0.0381	0.2256	0.0745	0.2473	0.1093	0.2736	0.1425	0.3012	0.1998	0.3544	0.2502	0.3901	0.2975	0.4172	0.3405	0.4458	0.386	0.4891	0.4268	0.5267	0.47	0.5659	0.5091	0.6106	0.5471	0.6512	0.5862	0.6903	0.6213	0.7252	0.6581	0.7616
113	-0.2304	0.0133	-0.164	0.0243	-0.1059	0.0663	-0.0541	0.1344	-0.0156	0.1614	0.0244	0.1745	0.0595	0.1841	0.0881	0.1923	0.1203	0.2014	0.1513	0.2103	0.1808	0.2201	0.2317	0.2509	0.2791	0.3315	0.326	0.4727	0.3677	0.5529	0.4106	0.5957	0.4478	0.6275	0.4867	0.6574	0.5215	0.6826	0.5556	0.7054	0.5913	0.7265	0.6239	0.7434	0.6576	0.7629
114	-0.136	0.186	-0.0655	0.2177	-0.0061	0.2515	0.0456	0.2709	0.0851	0.2857	0.1285	0.306	0.1696	0.3342	0.2033	0.3572	0.2406	0.3821	0.276	0.4029	0.3095	0.4196	0.3673	0.4497	0.4185	0.47	0.4668	0.4882	0.5105	0.5112	0.5571	0.549	0.5988	0.5792	0.6426	0.6047	0.6821	0.6302	0.7205	0.6579	0.7602	0.6865	0.7959	0.7125	0.8333	0.739
115	-0.3131	0.021	-0.2447	0.0408	-0.1848	0.0987	-0.1343	0.1245	-0.0962	0.1326	-0.056	0.1407	-0.0202	0.1485	0.0092	0.1546	0.0422	0.161	0.074	0.1676	0.1042	0.1753	0.1563	0.1992	0.2046	0.2546	0.2522	0.3346	0.2945	0.3886	0.3383	0.4154	0.3764	0.4376	0.4162	0.4588	0.4519	0.4767	0.4867	0.4933	0.523	0.5089	0.5558	0.5225	0.5898	0.5389
116	-0.3281	0.0359	-0.2587	0.0568	-0.1985	0.0916	-0.1456	0.1439	-0.1041	0.2079	-0.0602	0.2577	-0.0205	0.2759	0.0117	0.2858	0.0477	0.2958	0.0821	0.3063	0.1149	0.3174	0.1714	0.3423	0.2214	0.3731	0.2682	0.4217	0.3108	0.4861	0.356	0.5704	0.3963	0.624	0.4384	0.6534	0.4761	0.6737	0.5124	0.6937	0.5498	0.7166	0.5835	0.7395	0.6183	0.7659
117	-0.3558	0.0507	-0.2861	0.0954	-0.2266	0.1259	-0.1758	0.147	-0.1372	0.1662	-0.0963	0.1865	-0.0594	0.2006	-0.0293	0.2132	0.0044	0.2308	0.037	0.2516	0.068	0.2743	0.122	0.3203	0.1716	0.3652	0.2185	0.4127	0.2598	0.4656	0.3029	0.5232	0.3409	0.5694	0.3806	0.6087	0.4159	0.6501	0.4502	0.6919	0.4856	0.7401	0.5177	0.7885	0.5515	0.8437
118	-0.2055	0.0605	-0.1364	0.086	-0.077	0.121	-0.0267	0.1363	0.0115	0.1473	0.052	0.1595	0.0882	0.1706	0.1178	0.1792	0.151	0.1887	0.183	0.1987	0.2132	0.2109	0.2659	0.2464	0.3149	0.2976	0.363	0.3481	0.4057	0.381	0.4499	0.4086	0.4883	0.4328	0.5286	0.4568	0.5644	0.4788	0.5993	0.5007	0.6354	0.5229	0.6679	0.5431	0.7018	0.5661
119	-0.054	0.2205	0.0195	0.2626	0.0814	0.2969	0.1346	0.3251	0.1749	0.3493	0.2188	0.3718	0.26	0.3896	0.2938	0.4055	0.3316	0.4268	0.3677	0.4474	0.4021	0.4661	0.4614	0.5094	0.5137	0.5299	0.5626	0.5449	0.6064	0.5633	0.6525	0.5913	0.6941	0.6209	0.7385	0.6505	0.7784	0.6709	0.817	0.6916	0.857	0.7138	0.8929	0.7334	0.9304	0.7535
120	-0.3019	0.0145	-0.2325	0.0351	-0.1733	0.0491	-0.123	0.0592	-0.0848	0.0672	-0.0443	0.0761	-0.008	0.0848	0.0216	0.093	0.0549	0.1051	0.0871	0.1228	0.1178	0.1444	0.171	0.1882	0.2198	0.2252	0.2681	0.2584	0.311	0.2843	0.3555	0.3123	0.3943	0.3407	0.4353	0.3802	0.4724	0.4285	0.5086	0.4781	0.5457	0.5225	0.5791	0.5554	0.6139	0.5888
121	-0.2375	0.0126	-0.168	0.0237	-0.1088	0.0329	-0.0582	0.0419	-0.0196	0.0499	0.0212	0.0597	0.0578	0.0712	0.0877	0.0838	0.1213	0.1018	0.1535	0.1232	0.1841	0.1479	0.2372	0.2019	0.2865	0.2537	0.3362	0.2931	0.3798	0.3297	0.4249	0.3722	0.4643	0.4145	0.5056	0.4673	0.5425	0.5232	0.5784	0.58	0.6155	0.6394	0.649	0.6881	0.684	0.7366
122	-0.2364	0.0653	-0.1656	0.0858	-0.1046	0.1168	-0.0508	0.172	-0.0096	0.2333	0.0344	0.2808	0.0751	0.2968	0.1084	0.3073	0.1454	0.318	0.1807	0.3293	0.2142	0.3413	0.2725	0.3787	0.3237	0.3993	0.3714	0.4203	0.4147	0.4559	0.4615	0.5245	0.5036	0.578	0.5479	0.622	0.5873	0.6425	0.6254	0.6619	0.6648	0.6822	0.7002	0.6998	0.7371	0.7182
123	0.1365	0.2302	0.217	0.3913	0.2829	0.4775	0.335	0.5367	0.3746	0.578	0.4174	0.6177	0.4579	0.6492	0.4905	0.6724	0.5249	0.7004	0.5568	0.7299	0.5868	0.7597	0.6364	0.8162	0.6821	0.8704	0.7301	0.9187	0.7734	0.9434	0.8187	0.9662	0.8599	0.989	0.9034	1.0136	0.9435	1.0368	0.983	1.0607	1.0249	1.0866	1.0631	1.1096	1.1034	1.1354
124	0.34	0.4618	0.4091	0.5895	0.466	0.6993	0.5141	0.781	0.5496	0.8477	0.5868	0.9149	0.6216	0.9746	0.6502	1.0174	0.6821	1.0639	0.711	1.0908	0.7385	1.1249	0.7947	1.1697	0.852	1.1968	0.9137	1.2151	0.9667	1.2345	1.0202	1.2527	1.0677	1.2686	1.1171	1.2852	1.1622	1.2998	1.2062	1.3141	1.2524	1.3294	1.2942	1.3434	1.338	1.3588
125	-0.0974	0.111	-0.0233	0.1474	0.0387	0.1737	0.0886	0.1982	0.1268	0.221	0.1688	0.2422	0.2083	0.2629	0.2398	0.2845	0.273	0.318	0.3043	0.3656	0.3352	0.4347	0.3878	0.5851	0.4311	0.6802	0.4714	0.7502	0.5062	0.803	0.5442	0.8505	0.5802	0.8887	0.619	0.9243	0.6556	0.9517	0.6917	0.9747	0.7296	0.9986	0.7641	1.0195	0.8001	1.0421
126	0.2956	0.3643	0.368	0.4598	0.4289	0.5556	0.4787	0.6513	0.5162	0.7149	0.5565	0.7807	0.5951	0.8447	0.6268	0.8946	0.6602	0.9524	0.691	1.007	0.7197	1.0584	0.7679	1.1448	0.8125	1.2132	0.8572	1.2734	0.8951	1.3322	0.9349	1.3986	0.9719	1.4585	1.012	1.5174	1.0502	1.565	1.0884	1.6076	1.1285	1.6529	1.1648	1.6943	1.2027	1.739
127	-0.1365	0.146	-0.064	0.2455	-0.0021	0.3552	0.0512	0.4202	0.0922	0.4509	0.1382	0.4754	0.1819	0.4967	0.2176	0.5159	0.2566	0.5373	0.2932	0.5427	0.3281	0.5452	0.3897	0.5777	0.4457	0.6367	0.5032	0.7069	0.5544	0.7512	0.6063	0.7871	0.6517	0.8208	0.7003	0.8477	0.7452	0.8685	0.7894	0.8894	0.8359	0.9178	0.8787	0.9573	0.9248	1.0183
128	-0.2967	0.0335	-0.2209	0.0466	-0.1581	0.0618	-0.1067	0.1037	-0.0661	0.1631	-0.0232	0.186	0.0166	0.2075	0.0478	0.2377	0.0806	0.2825	0.1111	0.3455	0.1395	0.4205	0.1865	0.5246	0.2282	0.5818	0.2691	0.6292	0.3043	0.6677	0.342	0.7049	0.3763	0.7363	0.412	0.7755	0.4463	0.8083	0.4801	0.8356	0.5157	0.8645	0.5481	0.8911	0.5822	0.9207
129	-0.551	0.0006	-0.4725	0.0013	-0.4076	0.0016	-0.3548	0.0021	-0.3147	0.003	-0.2713	0.0081	-0.2294	0.037	-0.1955	0.0587	-0.1609	0.0697	-0.129	0.0766	-0.0989	0.082	-0.0493	0.09	-0.0054	0.0992	0.0376	0.1162	0.0756	0.1642	0.1181	0.2639	0.1599	0.3788	0.2016	0.4586	0.2397	0.507	0.2771	0.5424	0.3168	0.5729	0.3536	0.5971	0.3927	0.6191
130	-0.428	0.0067	-0.3501	0.01	-0.2853	0.0154	-0.2316	0.0367	-0.1905	0.053	-0.1468	0.0613	-0.1068	0.072	-0.0742	0.1013	-0.0382	0.1498	-0.0056	0.1903	0.024	0.2108	0.0732	0.2324	0.1172	0.2506	0.1606	0.2686	0.1977	0.284	0.2357	0.3065	0.2742	0.3938	0.3217	0.5432	0.3632	0.6254	0.4017	0.6706	0.4422	0.7144	0.4791	0.7513	0.5182	0.7886
131	0.4392	0.3278	0.5142	0.4359	0.5769	0.5451	0.6274	0.6358	0.6665	0.7062	0.7093	0.7794	0.7491	0.8471	0.7808	0.8995	0.8141	0.9578	0.8452	1.0117	0.8747	1.06	0.9237	1.1413	0.9668	1.2244	1.0086	1.3146	1.0447	1.3969	1.0834	1.4791	1.1197	1.5493	1.1589	1.618	1.1957	1.6744	1.2315	1.7277	1.2692	1.7834	1.3037	1.8326	1.3398	1.885
132	0.1345	0.4371	0.2059	0.547	0.267	0.6246	0.3201	0.6763	0.3612	0.7104	0.4053	0.7297	0.4464	0.7386	0.4799	0.7425	0.5161	0.7411	0.5482	0.724	0.5782	0.7044	0.6344	0.7088	0.6887	0.7478	0.7469	0.7995	0.7996	0.8301	0.8536	0.8578	0.9015	0.884	0.9519	0.9079	0.9984	0.9274	1.044	0.9477	1.0922	0.9742	1.1361	1.0057	1.182	1.0426
133	0.2958	0.343	0.3707	0.3965	0.4337	0.4501	0.4844	0.5035	0.5234	0.5457	0.5654	0.5834	0.6045	0.6148	0.636	0.6422	0.6693	0.6816	0.701	0.7236	0.7314	0.7652	0.7817	0.8393	0.8277	0.9058	0.8748	0.9571	0.9168	0.9806	0.9604	1.0063	0.9997	1.0381	1.0412	1.0718	1.0792	1.1053	1.117	1.1402	1.1572	1.1771	1.1937	1.2096	1.2325	1.2446
134	0.3267	0.239	0.4053	0.3217	0.4705	0.3901	0.5238	0.4615	0.5645	0.5192	0.6086	0.5841	0.6501	0.6485	0.6829	0.6997	0.7172	0.7535	0.7492	0.8059	0.7794	0.8637	0.8293	0.9688	0.8735	1.0555	0.9173	1.1435	0.9561	1.2205	0.9985	1.2968	1.0385	1.3674	1.0799	1.4347	1.1178	1.4928	1.1546	1.5483	1.1939	1.6049	1.2308	1.6531	1.2701	1.7023
135	0.423	0.2413	0.5013	0.325	0.5667	0.4041	0.6199	0.4729	0.6605	0.5282	0.7045	0.5916	0.7458	0.653	0.7793	0.7056	0.8143	0.761	0.8465	0.8111	0.8762	0.8594	0.9258	0.9516	0.9701	1.0376	1.0136	1.1257	1.0514	1.2037	1.0918	1.2816	1.1305	1.3486	1.1729	1.4112	1.2112	1.4666	1.2481	1.5206	1.287	1.5761	1.3223	1.6259	1.3593	1.679
136	-0.4216	0.0035	-0.3427	0.0214	-0.2776	0.0271	-0.2244	0.0377	-0.1838	0.0702	-0.1393	0.1011	-0.0975	0.1415	-0.0652	0.1681	-0.0311	0.191	0.0007	0.2109	0.031	0.2296	0.0799	0.2615	0.1238	0.2951	0.1677	0.3479	0.2071	0.4331	0.2508	0.5517	0.2914	0.6169	0.3323	0.6673	0.3699	0.7061	0.4065	0.7425	0.4451	0.7816	0.4817	0.818	0.5206	0.8589
137	0.2123	0.3354	0.2807	0.4182	0.3396	0.507	0.3899	0.5828	0.4285	0.629	0.4691	0.6557	0.5072	0.665	0.5391	0.6688	0.5735	0.6684	0.6024	0.6561	0.6291	0.6462	0.6828	0.6702	0.7371	0.7227	0.7966	0.7815	0.85	0.8185	0.9046	0.853	0.9531	0.8817	1.0041	0.9072	1.0507	0.9271	1.0964	0.946	1.1445	0.9683	1.1884	0.9925	1.2344	1.019
138	0.1654	0.2251	0.2356	0.301	0.2932	0.3689	0.3419	0.4124	0.3782	0.4404	0.4163	0.4674	0.4514	0.4926	0.4799	0.5113	0.511	0.537	0.5423	0.6277	0.572	0.7491	0.6286	0.8663	0.6846	0.9159	0.7453	0.9259	0.7982	0.9274	0.8519	0.9284	0.8997	0.9299	0.9496	0.9324	0.9951	0.9348	1.0395	0.9383	1.0859	0.9441	1.1279	0.9512	1.1717	0.96
139	-0.4107	0.0167	-0.3311	0.0654	-0.2651	0.0858	-0.2109	0.1103	-0.1692	0.1486	-0.1243	0.172	-0.0829	0.1947	-0.0502	0.2173	-0.0154	0.2456	0.017	0.2813	0.0475	0.3117	0.0963	0.3526	0.1404	0.3891	0.1836	0.4289	0.2214	0.484	0.2661	0.5836	0.3068	0.6288	0.3471	0.6721	0.3836	0.7081	0.4199	0.7598	0.4605	0.8469	0.4961	0.8978	0.5331	0.9512
140	-0.3908	0.0258	-0.311	0.0642	-0.2441	0.0922	-0.1891	0.1197	-0.1469	0.1421	-0.1017	0.16	-0.0601	0.1758	-0.0274	0.1906	0.0075	0.22	0.0409	0.2695	0.0716	0.3018	0.1207	0.3425	0.1656	0.3799	0.21	0.4242	0.2479	0.4754	0.2926	0.5558	0.3346	0.6033	0.3758	0.6509	0.4121	0.6933	0.4466	0.7474	0.4845	0.811	0.5189	0.8558	0.5551	0.9149
141	-0.3848	0.0111	-0.3046	0.0477	-0.2374	0.084	-0.1827	0.1027	-0.1408	0.1165	-0.0959	0.131	-0.0544	0.1461	-0.0214	0.1634	0.0146	0.2003	0.048	0.2456	0.0782	0.2725	0.1268	0.3104	0.1709	0.3466	0.2166	0.4134	0.2565	0.4785	0.299	0.5318	0.3383	0.5765	0.3784	0.6294	0.4151	0.6586	0.4509	0.6797	0.4896	0.7483	0.5249	0.8016	0.562	0.8529
142	-0.4536	0.009	-0.3735	0.0336	-0.306	0.066	-0.2513	0.0793	-0.2094	0.0886	-0.1645	0.0991	-0.1231	0.1105	-0.0904	0.124	-0.0546	0.156	-0.0212	0.1979	0.009	0.2237	0.0576	0.2565	0.1015	0.2861	0.1463	0.3474	0.186	0.4154	0.229	0.4591	0.2676	0.4935	0.3068	0.5502	0.3426	0.5809	0.3798	0.5977	0.419	0.6646	0.4545	0.7176	0.4918	0.768
143	0.0761	0.2291	0.1458	0.2847	0.2037	0.3302	0.2516	0.3436	0.2857	0.3557	0.3209	0.3774	0.3544	0.4136	0.3842	0.4603	0.4206	0.5697	0.4528	0.7457	0.483	0.8895	0.5432	0.9947	0.6033	0.9943	0.6651	0.957	0.7172	0.9328	0.7692	0.9151	0.815	0.9047	0.8629	0.8978	0.9066	0.8931	0.9493	0.8906	0.9942	0.8902	1.0349	0.8921	1.0776	0.8978
144	-0.3844	0.0164	-0.3046	0.0419	-0.2367	0.0918	-0.1819	0.1111	-0.14	0.1246	-0.0949	0.1393	-0.0536	0.1538	-0.0209	0.169	0.0142	0.1995	0.0476	0.2475	0.0781	0.2809	0.1271	0.3239	0.1715	0.3607	0.2158	0.4198	0.2558	0.4963	0.2984	0.5408	0.3363	0.5775	0.3753	0.6389	0.4107	0.6743	0.4489	0.7098	0.4882	0.7818	0.5238	0.8399	0.561	0.8949
145	0.3738	0.2799	0.4529	0.3916	0.5189	0.4767	0.5731	0.5698	0.6146	0.6401	0.6595	0.7236	0.7009	0.7912	0.7338	0.8445	0.7686	0.9039	0.8013	0.9608	0.8317	1.0186	0.8807	1.1217	0.9251	1.2169	0.969	1.3142	1.0079	1.3965	1.0524	1.4636	1.0938	1.5233	1.1351	1.5907	1.1728	1.6509	1.2097	1.7081	1.2492	1.7636	1.2855	1.8116	1.3237	1.8614
146	-0.347	0.0298	-0.2676	0.0495	-0.1995	0.1037	-0.1445	0.1268	-0.1026	0.1431	-0.0574	0.1605	-0.0161	0.1772	0.0164	0.1927	0.051	0.22	0.0845	0.2682	0.1152	0.3057	0.1648	0.3549	0.2097	0.3953	0.254	0.4513	0.2942	0.5296	0.3359	0.5805	0.3729	0.6239	0.4119	0.6865	0.4491	0.7195	0.487	0.7856	0.5264	0.8581	0.562	0.9182	0.5989	0.9754
147	-0.3849	0.0422	-0.3062	0.0599	-0.2381	0.1089	-0.183	0.1337	-0.1411	0.1517	-0.0959	0.1709	-0.0544	0.1891	-0.0216	0.2062	0.0133	0.2316	0.0459	0.2632	0.0765	0.2949	0.1269	0.3414	0.1722	0.3809	0.217	0.4293	0.2569	0.492	0.2979	0.5441	0.3341	0.587	0.3741	0.6351	0.4133	0.6948	0.4505	0.762	0.4896	0.8251	0.5252	0.8791	0.5622	0.9333
148	-0.1977	0.0925	-0.1177	0.1461	-0.0522	0.1807	-0.0032	0.2079	0.033	0.2323	0.073	0.2662	0.1128	0.3017	0.1455	0.3387	0.1806	0.387	0.213	0.4385	0.2452	0.4822	0.3015	0.5385	0.353	0.5509	0.4047	0.5522	0.45	0.5604	0.4967	0.5683	0.5389	0.576	0.5837	0.5844	0.6251	0.5919	0.6659	0.6	0.709	0.6096	0.7483	0.6203	0.7897	0.6358
149	-0.3291	0.0572	-0.2505	0.0841	-0.1825	0.128	-0.1277	0.1571	-0.0858	0.1794	-0.0407	0.2033	0.0009	0.2266	0.0339	0.2485	0.069	0.2775	0.1012	0.3078	0.1314	0.3426	0.1824	0.3983	0.228	0.4452	0.2737	0.5067	0.3135	0.5662	0.354	0.6291	0.3909	0.6885	0.4329	0.7535	0.472	0.8262	0.5091	0.891	0.5486	0.955	0.5849	1.0129	0.6239	1.0781
150	-0.1749	0.0248	-0.0858	0.0962	-0.0151	0.1377	0.0382	0.1635	0.0783	0.182	0.1217	0.2	0.1625	0.2155	0.1956	0.2303	0.2304	0.2554	0.263	0.2935	0.2939	0.3368	0.3439	0.3824	0.3894	0.4051	0.4358	0.4377	0.4784	0.4698	0.5234	0.4949	0.5646	0.5181	0.6089	0.5442	0.6497	0.5634	0.69	0.5788	0.7325	0.5918	0.7712	0.6029	0.8119	0.6176
151	-0.1958	0.0214	-0.1143	0.0676	-0.0487	0.1291	0.0032	0.1689	0.0426	0.193	0.0855	0.2147	0.126	0.2322	0.1589	0.2474	0.1934	0.2682	0.2251	0.2872	0.255	0.304	0.3046	0.3376	0.3504	0.384	0.3988	0.4728	0.4432	0.5306	0.4897	0.5618	0.5318	0.5808	0.5764	0.5955	0.6172	0.6022	0.6574	0.6072	0.6999	0.6119	0.7387	0.6149	0.7795	0.6207
152	0.4437	0.2912	0.5234	0.4027	0.591	0.4994	0.6458	0.5874	0.6878	0.6689	0.7329	0.7512	0.7745	0.824	0.8073	0.8826	0.8423	0.9464	0.8754	1.005	0.9057	1.0637	0.9543	1.1724	0.9985	1.2766	1.0425	1.3824	1.0816	1.4723	1.1257	1.5555	1.165	1.6282	1.2051	1.7057	1.2418	1.7745	1.2785	1.8358	1.3174	1.8968	1.3525	1.9513	1.3892	2.0088
153	-0.239	0.0045	-0.1614	0.0246	-0.0974	0.0462	-0.046	0.0581	-0.0066	0.0656	0.0362	0.0715	0.0763	0.0742	0.1086	0.0753	0.1427	0.0775	0.1745	0.0813	0.2044	0.0873	0.2542	0.1059	0.3006	0.1474	0.3496	0.2274	0.3925	0.2438	0.4369	0.2353	0.4769	0.2247	0.5192	0.2164	0.5578	0.2147	0.5962	0.2145	0.637	0.2149	0.6741	0.2151	0.7136	0.2172
154	-0.4016	0	-0.3283	0.0024	-0.2679	0.0178	-0.2192	0.0347	-0.1815	0.0555	-0.1404	0.1083	-0.1015	0.1647	-0.07	0.2157	-0.0376	0.274	-0.0074	0.3224	0.0208	0.3586	0.0676	0.4179	0.1103	0.4734	0.1529	0.5209	0.1897	0.5557	0.2287	0.5908	0.265	0.6255	0.3048	0.6693	0.3428	0.7251	0.381	0.793	0.4207	0.8564	0.4567	0.9099	0.4941	0.9618
155	-0.3066	0	-0.2329	0.002	-0.1706	0.0119	-0.1215	0.0255	-0.0831	0.0343	-0.042	0.037	-0.004	0.0385	0.0264	0.0444	0.059	0.0571	0.091	0.0879	0.1222	0.1451	0.1728	0.2306	0.2175	0.2865	0.2634	0.3122	0.3043	0.3108	0.347	0.3069	0.3858	0.3076	0.4271	0.3049	0.4651	0.3049	0.5023	0.3138	0.5416	0.3277	0.5775	0.3398	0.6152	0.358
156	0.4116	0.3106	0.4904	0.4176	0.5581	0.5112	0.6134	0.5996	0.6554	0.6787	0.7009	0.7689	0.7426	0.8423	0.7756	0.9017	0.8106	0.968	0.8433	1.03	0.8736	1.0893	0.9237	1.2	0.9694	1.3051	1.0149	1.4118	1.0551	1.5043	1.0958	1.6002	1.1319	1.6815	1.1723	1.7575	1.2103	1.823	1.2477	1.8824	1.2872	1.9428	1.3232	1.9954	1.3612	2.0499
157	-0.3236	0.0002	-0.248	0.0043	-0.1843	0.0129	-0.1339	0.0146	-0.095	0.0176	-0.0528	0.0182	-0.0136	0.0167	0.018	0.0157	0.0512	0.0189	0.0823	0.0246	0.1122	0.033	0.1629	0.0744	0.2099	0.1338	0.2571	0.1708	0.2989	0.1629	0.3422	0.1433	0.3813	0.1282	0.4225	0.1095	0.4603	0.1028	0.4979	0.1042	0.538	0.1075	0.5746	0.1105	0.6135	0.1142
158	-0.2205	0.0163	-0.1442	0.0492	-0.0806	0.1199	-0.029	0.1563	0.0105	0.2117	0.0535	0.2882	0.0933	0.3437	0.1256	0.4027	0.1597	0.4625	0.1914	0.4999	0.221	0.5388	0.2706	0.6461	0.314	0.7191	0.3564	0.7902	0.3933	0.8506	0.433	0.9071	0.4703	0.9568	0.5112	1.0177	0.55	1.0941	0.5872	1.1658	0.6252	1.2238	0.6594	1.2674	0.6951	1.3106
159	-0.5044	0	-0.4263	0.0021	-0.36	0.0134	-0.3059	0.0166	-0.2647	0.0213	-0.2206	0.0396	-0.1786	0.073	-0.1452	0.0932	-0.1105	0.1039	-0.0781	0.1147	-0.0484	0.1432	0.0007	0.2069	0.0453	0.2495	0.0892	0.2861	0.1275	0.3157	0.1685	0.3427	0.2069	0.3665	0.2482	0.3971	0.2855	0.4392	0.322	0.4844	0.3604	0.5257	0.3948	0.5503	0.4296	0.5734
160	-0.5565	0	-0.478	0	-0.413	0	-0.3593	0.0001	-0.3184	0.0002	-0.2743	0.0021	-0.233	0.0028	-0.2004	0.0033	-0.1665	0.0051	-0.1348	0.0112	-0.1053	0.0458	-0.0542	0.1284	-0.0097	0.1531	0.0341	0.1772	0.0733	0.2072	0.1154	0.2369	0.1545	0.2821	0.1958	0.303	0.2334	0.3251	0.27	0.3566	0.3093	0.4103	0.3467	0.5035	0.3871	0.6146
161	-0.4601	0.0001	-0.3806	0.0046	-0.313	0.0085	-0.2583	0.0194	-0.2164	0.0585	-0.1712	0.0888	-0.1299	0.1045	-0.0972	0.1187	-0.0625	0.1328	-0.0298	0.1447	0.0001	0.1556	0.0482	0.1747	0.0919	0.1967	0.1353	0.2269	0.1743	0.2759	0.2189	0.42	0.258	0.5355	0.2979	0.5922	0.3346	0.639	0.371	0.6811	0.4094	0.7225	0.4442	0.7608	0.4805	0.8015
162	-0.3801	0.0001	-0.3013	0.0057	-0.2344	0.0111	-0.1801	0.0243	-0.1384	0.0337	-0.0931	0.0826	-0.0513	0.0915	-0.0182	0.0997	0.0169	0.1122	0.0499	0.1274	0.0806	0.1551	0.1298	0.1894	0.1745	0.2133	0.2185	0.2447	0.2574	0.2879	0.3022	0.386	0.3449	0.5488	0.3866	0.5973	0.4248	0.6354	0.462	0.6749	0.5017	0.7195	0.5379	0.782	0.5759	0.8437
